
#Number of fleets
3
#Catch unit for each fleet (0-Number(Million); 1-Biomass(1000mt))
0	    0       0	
#Start size bin of selectivity for each fleet
1	    1       1      
#End size bin of selectivity for each fleet
25	    25       25
#Likelihood function of length composition data for each fleet (1-multinomial; 2-robust normal)
1       1     	 1
#Likelihood function of total catch for each fleet
4       4        4
#Likelihood function of CPUE for each fleet 
4       4     	 4     
#Lambda value of composition component in objective function for each fleet
1	    1  	 	 1
#Lambda value of total catch in objective function for each fleet
1       1        1
#Lambda value of CPUE in objective function for each fleet
1       1        1
#Number of data points for catch data
90
#Year, timestep, Fleet, Total Catch(Millions of fish or 1000mt),CV,CPUE_Fishery Effort,Flag,CV,ESS, Catch at Size(Size1, Size2, Size3, ... ,Size iSizeBinNum)
1984	1	1	845.1566217	0.05	0	1	0.05	30	0.735585439	2.402435727	5.850854702	12.54990235	19.90086745	23.15426517	23.18833519	16.66084187	10.21339185	27.61565699	55.24262066	82.70977469	95.54007918	89.79250092	75.08854122	62.67647487	55.64187632	50.58305519	43.89643479	34.85300223	24.91184103	15.95502883	9.146468461	4.692413689	2.154372893
1985	1	1	495.0624032	0.05	0	1	0.05	30	0.9417507	3.075049262	7.493242796	16.10745534	25.68728899	30.39540101	32.32763541	29.84445877	21.88427952	44.26510167	61.70060977	57.67692666	35.86907943	18.36741746	17.44186583	22.10456064	20.91776875	15.33233638	10.55651361	8.21749065	6.400349881	4.516621453	2.405025439	1.045655384	0.488518361
1986	1	1	1243.17435	0.05	0	1	0.05	30	0.227196287	0.741240519	1.805096354	3.887858885	6.328742218	8.525978813	14.67579788	35.35997668	86.24658002	171.8484918	237.4946351	225.3203025	151.7187234	88.94099482	71.30286633	58.30630965	29.84884634	13.86537806	12.69348672	10.24847731	6.028188106	4.022469012	2.386019944	0.960537589	0.390155964
1987	1	1	581.1367685	0.05	0	1	0.05	30	0.415009203	1.357427845	3.314244184	7.13990072	11.41226723	13.52401685	14.33735673	12.93413682	8.594961834	17.80033816	27.08702334	34.992276	51.21932768	83.40349139	108.7001313	92.11510637	48.67156131	21.74697128	12.16236383	4.825966935	2.469013979	1.654315944	0.790825646	0.344745914	0.12398806
1988	1	1	1102.632675	0.05	0	1	0.05	30	0.116393494	0.380473737	0.928643644	2.006704752	3.295951296	4.61226201	8.711773454	22.80223438	57.44702248	114.2888971	157.8872985	149.8640751	100.3437226	57.51222707	49.13382182	58.09606498	77.56032192	102.1583192	83.19880877	34.50336333	11.87782553	3.590786495	1.548748807	0.559341735	0.207593188
1989	1	1	658.2398541	0.05	0	1	0.05	30	1.04760359	3.416137967	8.304793069	17.77888665	28.1428416	32.75927398	33.22459513	25.82479673	6.985583718	14.12733739	21.34639999	28.68492535	45.02650871	75.26406857	97.32596521	81.38977119	42.54459274	20.17335609	18.93795923	25.44921156	21.71739066	6.941248914	1.406290227	0.318761044	0.101554752
1990	1	1	645.2072771	0.05	0	1	0.05	30	0.892287266	2.912121001	7.090733602	15.22567218	24.26533296	28.87916181	31.94756432	34.65473244	40.02190062	79.87923608	109.830772	101.4532361	61.36498189	24.1332067	10.58279917	10.74940517	14.22314648	18.17965396	14.15636382	5.80374652	3.319481546	3.906911969	1.544008544	0.159474999	0.031345939
1991	1	1	1083.198974	0.05	0	1	0.05	30	0.764941159	2.501155551	6.103246777	13.14017331	21.03573686	25.4049014	29.78767604	38.42262102	58.79111522	118.2206799	165.3885405	161.3729454	120.1374309	92.19474631	90.56184126	74.07430951	35.09894446	9.8585058	5.133460067	6.434970856	5.220978151	1.846184905	1.279244813	0.392520149	0.032103806
1992	1	1	1185.792502	0.05	0	1	0.05	30	0.165531417	0.540882244	1.319304183	2.844946824	4.621090141	6.101199075	9.892514589	22.40619073	53.31475259	106.9320535	150.1294069	150.8380891	126.43682	122.7187754	138.4567804	121.4721458	74.38162481	46.35101062	30.21249989	10.13092903	2.596365108	2.454593535	1.009517649	0.389397396	0.07608119
1993	1	1	703.3329959	0.05	0	1	0.05	30	1.672871527	5.466423514	13.33037927	28.67029645	45.69350663	53.6781096	54.90714796	42.13644974	7.038717756	14.5112341	21.80302293	27.09974218	37.29272112	58.94639912	77.70410378	70.52145195	49.03934693	39.02484844	29.81138465	15.32398182	7.217842405	1.681568423	0.532475006	0.179317373	0.049653247
1994	1	1	1796.504982	0.05	0	1	0.05	30	0.369273985	1.207910384	2.950699835	6.377810466	10.4124574	13.9802205	23.64471455	56.0591394	136.6224784	275.0032848	382.7810008	359.6718226	220.8371147	83.11346421	29.1958469	27.23789959	34.00754185	44.23947359	39.46384203	25.18299428	15.88583514	6.496773232	1.493291298	0.212581775	0.057509952
1995	1	1	967.8683221	0.05	0	1	0.05	30	0.256512461	0.836908464	2.03729175	4.374714591	6.980420473	8.368692875	9.569868435	11.54721242	16.22481066	33.42538161	50.57219151	64.77083822	94.00854502	153.4681873	202.0576189	170.8136955	81.21104418	20.99554379	8.587462611	10.34421474	9.653411352	5.447925093	2.022240948	0.261722129	0.031867084
1996	1	1	617.1648191	0.05	0	1	0.05	30	0.095570789	0.31268596	0.763945964	1.649353222	2.664353162	3.352401519	4.58792392	8.215473246	17.20840596	35.05169324	49.86694057	50.18774171	40.75918051	37.74194622	45.27878866	53.89786528	69.69521029	90.08349568	70.83449467	23.29354938	4.661898241	4.049649438	2.319361208	0.542929971	0.049960239
1997	1	1	527.8277982	0.05	0	1	0.05	30	0.108310175	0.353157636	0.858737998	1.84079655	2.932897026	3.53896316	4.232721273	5.832993923	9.708189102	19.47779871	27.88931647	30.77105827	34.03866266	46.57109834	60.6617553	56.50127321	39.69953347	33.98526192	39.83398617	52.46044791	42.82638432	10.04729687	2.435958997	1.057566593	0.163632146
1998	1	1	256.4537202	0.05	0	1	0.05	30	0.230835264	0.752939606	1.831028379	3.922002366	6.220232591	7.318311242	7.828262462	7.68985903	7.16039017	14.06554001	19.32410375	19.13191047	16.24604664	16.3772188	18.85491966	18.28101437	17.03096533	18.7912917	16.323964	10.8050824	10.69981489	12.70214851	4.252892434	0.475378021	0.137568087
1999	1	1	163.3902903	0.05	0	1	0.05	30	0.35834478	1.171878506	2.860376016	6.159186448	9.836724714	11.63758642	12.28186387	10.90843487	6.762015179	13.65067458	19.06030802	18.22909476	12.56057728	7.969254923	6.715802752	5.607389564	3.81308908	3.104572701	2.757588023	2.525986728	2.114145793	1.447883056	1.442382387	0.377933317	0.037196516
2000	1	1	579.9324741	0.05	0	1	0.05	30	0.27360662	0.893809802	2.178725062	4.68683187	7.520710097	9.301582065	12.13924883	20.07303103	39.46354932	79.0173389	109.7901039	104.4721797	69.36732763	37.7762737	27.86201107	23.12976954	13.04845766	6.58930344	4.195311005	2.60027144	1.961659073	1.681023296	1.044505554	0.73794279	0.127900677
2001	1	1	353.2190023	0.05	0	1	0.05	30	0.314366154	1.02857106	2.512450383	5.416315703	8.669714063	10.32643661	11.18795388	11.00678572	9.918803637	20.37366457	29.62921603	32.23241489	33.08065155	41.3287677	50.75432127	43.33419882	22.80025532	9.554883141	5.273779037	2.335508631	0.982871907	0.524743407	0.352715868	0.19341887	0.086194045
2002	1	1	454.5354005	0.05	0	1	0.05	30	0.140938521	0.461023655	1.12594827	2.429107812	3.915443508	4.881364917	6.472617866	10.98119078	22.16837683	45.23539758	64.23691035	63.07132455	45.29542425	30.95708328	29.7299619	29.80310515	27.56318896	29.04547346	23.00314891	9.395295724	3.096808971	0.977428473	0.318645372	0.154535919	0.075655519
2003	1	1	525.0617744	0.05	0	1	0.05	30	1.12933493	3.685031763	8.969833491	19.24691285	30.58926279	35.85696536	36.84570691	29.54179825	9.76658442	19.84355316	28.64234169	31.30527875	33.18019612	43.47761661	55.59670116	49.88893106	29.59855667	17.25018315	14.2598087	12.9638307	9.676916291	2.99265837	0.595447763	0.108554684	0.049768744
2004	1	1	1907.44962	0.05	0	1	0.05	30	3.339213437	10.91365985	26.60681713	57.1712555	91.0418469	107.7212255	116.3402186	116.685551	113.5778721	224.959775	307.9428156	285.6210108	176.7653477	75.12453976	37.98967615	33.57964566	30.98002408	33.43177104	27.61812289	13.64085409	7.796910868	6.144669104	2.200213254	0.216523498	0.040060817
2005	1	1	1903.156887	0.05	0	1	0.05	30	0.613367875	2.000648956	4.869395684	10.46571548	16.83933598	21.29198363	30.20582075	57.55518126	124.7854823	249.7614284	346.4596763	330.9263512	230.9617726	152.6841062	132.851533	104.7741501	49.49770151	14.9055876	7.091162671	6.228751487	4.899601852	2.095811933	1.094828416	0.2761323	0.021360061
2006	1	1	1252.556221	0.05	0	1	0.05	30	0.146218907	0.477791652	1.165691125	2.513528159	4.062924304	5.176413576	7.446064182	14.45680678	31.91522915	65.2297871	95.30312562	108.233676	125.2346745	175.1070149	221.6394969	190.1539552	105.5297989	53.39963411	30.58795527	9.977705016	2.358467725	1.53326297	0.669180808	0.204859423	0.032958281
2007	1	1	1011.391016	0.05	0	1	0.05	30	0.861531425	2.811458026	6.842522598	14.67479926	23.30301779	27.32837303	28.3887228	24.29749739	13.26242396	26.73859157	38.67484915	44.04521168	52.36300506	76.42307065	104.0224908	110.584138	113.8409179	130.1051861	104.4172558	46.2478988	17.30700598	3.700022103	0.836340028	0.258875763	0.055810132
2008	1	1	747.1087764	0.05	0	1	0.05	30	0.72209037	2.357901541	5.744604717	12.34384398	19.69850047	23.5638193	26.6457593	31.03102836	40.86691706	81.75502395	112.9392312	105.7899179	67.59089204	33.49095947	22.53865703	21.51063952	22.06320202	26.9407887	28.5799743	29.03996769	22.64262198	7.674060867	1.412982872	0.134170521	0.031221264
2009	1	1	1382.840548	0.05	0	1	0.05	30	0.998606568	3.257169147	7.920897925	16.97160836	26.98611706	32.29293936	37.43905649	47.72065651	72.02394563	141.5345054	193.8066258	187.1531532	143.2859092	119.8403002	123.6524897	101.8695702	50.95738349	19.10340133	12.1034634	12.55339017	13.4659522	12.57146084	4.847681764	0.448885816	0.035378588
2010	1	1	1075.215523	0.05	0	1	0.05	30	0.93981569	3.067125887	7.465163152	16.01417537	25.48441916	30.3404846	34.01366225	38.97707908	50.11793406	99.0498531	136.3694463	133.1747723	106.3183409	95.63516876	99.8266026	82.12307513	48.85605404	31.37740747	20.61320216	7.515087959	2.613954638	2.493419525	2.176574633	0.613992606	0.038711171
2011	1	1	838.2493205	0.05	0	1	0.05	30	0.04622985	0.151076986	0.369136148	0.802824886	1.363613953	2.211479501	5.512712631	17.32695188	46.52218737	92.78753491	128.6550214	124.8551802	94.35775689	75.94262292	76.04065952	64.40490574	41.13253785	28.87512182	20.03275868	9.913130966	4.752532005	1.259915379	0.517846584	0.353568853	0.062013595
2012	1	1	438.9460211	0.05	0	1	0.05	30	0.130384577	0.426066654	1.038730834	2.232580988	3.555969328	4.193157721	4.421694229	3.994720569	2.789550794	5.901762981	9.978107751	17.11928316	34.68628613	65.04776491	87.67301815	76.7248026	46.9281118	30.09334162	21.05200935	11.54090428	6.240924833	2.400203338	0.588994419	0.130836071	0.056814041
2013	1	1	500.3567482	0.05	0	1	0.05	30	1.541388476	5.031834471	12.24815455	26.25900985	41.63556167	48.56153121	49.3914459	38.63600373	10.93677603	21.5848254	29.50067819	27.60528078	18.19137735	10.47853302	9.899893002	15.24416495	27.23835196	39.8299404	34.00887695	17.74505757	9.216808327	4.047317859	1.304108846	0.180377766	0.039449944
1984	1	2	164.3073685	0.05	0	1	0.05	30	0.209890532	0.620685292	1.370280672	2.670410947	3.86302342	4.129050422	3.842398484	2.609919103	1.548768298	4.171881837	8.563361619	13.48228382	16.62059578	16.73570148	14.92323547	13.15553973	12.19842003	11.46255201	10.19256423	8.235655835	5.959908621	3.850234919	2.220469745	1.143875692	0.526660496
1985	1	2	67.92042903	0.05	0	1	0.05	30	0.204022324	0.603189494	1.332422745	2.602236134	3.785782155	4.11537178	4.067136856	3.549570655	2.519594917	5.077151229	7.261753143	7.138233537	4.737652858	2.599165679	2.631869069	3.522637949	3.48176286	2.637950337	1.861044398	1.474277467	1.162571058	0.82753304	0.44329528	0.193532154	0.090671912
1986	1	2	287.9664222	0.05	0	1	0.05	30	0.087823199	0.259434141	0.57271546	1.120718512	1.66425948	2.059736818	3.294449493	7.503957627	17.71767121	35.16986033	49.87376034	49.75712199	35.75596221	22.45712388	19.19749717	16.57936765	8.864978084	4.256535669	3.992854091	3.280693351	1.953749466	1.315014802	0.784718312	0.317208782	0.129210086
1987	1	2	256.4053296	0.05	0	1	0.05	30	0.271241351	0.803294658	1.777923907	3.479912902	5.074178193	5.524122934	5.441772378	4.640940524	2.985374761	6.15946966	9.617667114	13.06523624	20.4095445	35.6062742	49.4832073	44.28670959	24.44080707	11.28790878	6.46860522	2.612045786	1.352993699	0.914421731	0.439754823	0.192495293	0.069426965
1988	1	2	133.730639	0.05	0	1	0.05	30	0.02175393	0.064386329	0.142458581	0.279685876	0.419068891	0.538744014	0.945559168	2.339681886	5.706019923	11.30915001	16.03121759	16.00123373	11.43406095	7.021232293	6.396157873	7.987302437	11.1375771	15.16349473	12.65378991	5.340337816	1.861315623	0.567581879	0.246275782	0.089311846	0.033240861
1989	1	2	75.48011592	0.05	0	1	0.05	30	0.175101187	0.516996339	1.139334958	2.216025241	3.20004193	3.422045979	3.224964354	2.369732933	0.620513946	1.250170725	1.938326989	2.739004464	4.588404034	8.217201424	11.33053541	10.00705587	5.463595972	2.677853447	2.575845284	3.522611234	3.043503527	0.981204751	0.199985619	0.045517685	0.014542615
1990	1	2	80.79630273	0.05	0	1	0.05	30	0.184036833	0.543837844	1.200388207	2.341825659	3.40472407	3.722580516	3.826581065	3.924036028	4.386867302	8.72269836	12.306495	11.95398934	7.716527942	3.251316271	1.520303205	1.630905785	2.253916545	2.97784581	2.375999012	0.991303783	0.574042924	0.681496442	0.270945193	0.028100593	0.005539001
1991	1	2	211.747425	0.05	0	1	0.05	30	0.243563827	0.721083263	1.595056921	3.120066733	4.556570563	5.055472287	5.5080071	6.716486213	9.948398912	19.9294406	28.60885407	29.35366882	23.32192357	19.17498633	20.08443435	17.34989124	8.586593622	2.492943266	1.33011574	1.696795939	1.39383283	0.497152774	0.346553365	0.106774988	0.008757728
1992	1	2	265.9813997	0.05	0	1	0.05	30	0.058159777	0.172069927	0.380467647	0.745408739	1.104542288	1.339728984	2.018469102	4.32195963	9.955118363	19.89148012	28.65618377	30.27612035	27.08426962	28.16420128	33.8833332	31.39520948	20.07936856	12.93355885	8.638203745	2.947744529	0.764860292	0.729376547	0.301778231	0.116884831	0.022901806
1993	1	2	154.7389383	0.05	0	1	0.05	30	0.541176207	1.601176967	3.539558597	6.916498994	10.05602174	10.85257455	10.31521062	7.483494195	1.210114287	2.485406039	3.831802393	5.008275007	7.355317862	12.45596888	17.50852907	16.78192342	12.18885403	10.0261424	7.847886937	4.10531045	1.957751449	0.460066446	0.146557156	0.049558858	0.013761757
1994	1	2	416.3756441	0.05	0	1	0.05	30	0.144447811	0.427815896	0.947365963	1.860423806	2.770837763	3.417714109	5.371176632	12.03868515	28.40149112	56.95305527	81.34351049	80.37399759	52.66663622	21.23624677	7.954500771	7.837548639	10.22067513	13.7432276	12.56192217	8.157702973	5.210103549	2.14926452	0.496979505	0.071041332	0.01927327
1995	1	2	466.6107313	0.05	0	1	0.05	30	0.183613999	0.542419428	1.196963879	2.335205352	3.399182774	3.743815286	3.978106445	4.537794856	6.172110509	12.66749068	19.66615169	26.48644947	41.02663725	71.75626349	100.7400483	89.9423844	44.66368079	11.93551023	5.002149493	6.131872593	5.793649122	3.298058557	1.23157799	0.160051807	0.019542935
1996	1	2	139.9736007	0.05	0	1	0.05	30	0.031160434	0.092309556	0.204442633	0.401023693	0.590970401	0.683114994	0.868695648	1.470555078	2.981780737	6.050680586	8.832859878	9.348090052	8.102238814	8.037976826	10.28259498	12.9268967	17.45916041	23.32599071	18.79393037	6.289444231	1.274427612	1.116672113	0.643396085	0.15123244	0.013955744
1997	1	2	110.8813634	0.05	0	1	0.05	30	0.031903528	0.094188528	0.20761591	0.404346118	0.587708378	0.651485806	0.724039461	0.943259875	1.51972293	3.037569515	4.462904713	5.177961214	6.112842585	8.960455061	12.44554817	12.24255533	8.984562886	7.950173679	9.548116493	12.79675108	10.57681529	2.502929416	0.610479557	0.266133775	0.041294121
1998	1	2	48.81075047	0.05	0	1	0.05	30	0.063702585	0.188137338	0.414744341	0.807124962	1.167769513	1.26219145	1.25456563	1.165047566	1.050142702	2.0550775	2.897107071	3.016200044	2.733404221	2.952155153	3.624175209	3.711073645	3.611072902	4.118395692	3.665852703	2.469342056	2.47574104	2.964571954	0.998552704	0.112077081	0.032525407
1999	1	2	74.83736136	0.05	0	1	0.05	30	0.260334895	0.77085704	1.705630386	3.336819246	4.861579916	5.283888935	5.181657339	4.350749954	2.610743318	5.250519924	7.522661213	7.565598811	5.563424109	3.78175291	3.398277454	2.996652715	2.128385765	1.79122307	1.630253607	1.519709706	1.287775885	0.889599845	0.891545284	0.234568286	0.023151744
2000	1	2	56.27814601	0.05	0	1	0.05	30	0.044450537	0.131478723	0.290524884	0.567816249	0.831198729	0.944423303	1.145289647	1.790332718	3.407244409	6.796568646	9.69000265	9.696119787	6.870789494	4.008793242	3.152771337	2.764178614	1.628739715	0.850171336	0.554637281	0.349838313	0.267207102	0.230969192	0.144375287	0.102422629	0.017802189
2001	1	2	73.95356815	0.05	0	1	0.05	30	0.100932249	0.299011866	0.66209782	1.296809456	1.893627505	2.072068518	2.086017489	1.940104222	1.692427969	3.463221078	5.168025129	5.911993082	6.475443083	8.667438203	11.35002437	10.2345635	5.624397056	2.436329855	1.377877418	0.620974715	0.264584954	0.142485631	0.09634981	0.053053718	0.023709455
2002	1	2	157.4992511	0.05	0	1	0.05	30	0.076396907	0.226271174	0.500950716	0.981908203	1.443851873	1.653662216	2.037507166	3.26787838	6.386114424	12.98199315	18.91650936	19.53101995	14.96930602	10.96100139	11.22457798	11.88370788	11.47935862	12.5037726	10.14677063	4.217497113	1.407455064	0.448085577	0.146955342	0.071564612	0.035134747
2003	1	2	189.6944137	0.05	0	1	0.05	30	0.611601143	1.806952417	3.987130072	7.772927853	11.26964273	12.13608247	11.58792111	8.783201283	2.810897235	5.689601666	8.426832011	9.685231515	10.95533704	15.37996635	20.97124199	19.87440386	12.31567315	7.419177757	6.284253722	5.814028412	4.393964717	1.37066897	0.274360061	0.050224649	0.023091511
2004	1	2	212.8307645	0.05	0	1	0.05	30	0.615606268	1.821751856	4.026078825	7.85985642	11.4181442	12.41136648	12.45551928	11.80990258	11.12780007	21.95738508	30.84176456	30.0812521	19.86814187	9.046587896	4.878137592	4.553856565	4.38816246	4.894798023	4.143310645	2.082565592	1.205189881	0.958047994	0.345108237	0.034102538	0.006327451
2005	1	2	678.859243	0.05	0	1	0.05	30	0.364627726	1.07686065	2.37593319	4.639547399	6.810033294	7.910505673	10.42779327	18.78380058	39.42298068	78.60875679	111.8900957	112.3846293	83.70859135	59.28797579	55.00787063	45.81705746	22.60766912	7.037109397	3.430367074	3.06639387	2.442100353	1.053685207	0.553740666	0.140238961	0.010878808
2006	1	2	291.6206944	0.05	0	1	0.05	30	0.051222975	0.151551338	0.335177803	0.656633521	0.968268061	1.133312536	1.514820415	2.780379141	5.94177175	12.09829366	18.1375531	21.66060476	26.74774186	40.06904012	54.08016668	49.00168485	28.4039323	14.85648555	8.719793412	2.894610924	0.69273201	0.45426348	0.199451101	0.061311229	0.009891814
2007	1	2	339.8432336	0.05	0	1	0.05	30	0.407536608	1.204167939	2.656698302	5.17661303	7.498998723	8.07920708	7.798560865	6.309971927	3.334073288	6.696547072	9.938810693	11.90257997	15.10154329	23.61370401	34.27301825	38.47979273	41.37480734	48.8772372	40.19409572	18.11697897	6.864224832	1.480231809	0.336596876	0.104618794	0.022618234
2008	1	2	300.8543513	0.05	0	1	0.05	30	0.460959263	1.362876845	3.009966343	5.876238941	8.554601254	9.401045125	9.878072362	10.87520725	13.86435285	27.63136498	39.16752309	38.57999594	26.30634059	13.96505699	10.02140536	10.1011007	10.8213546	13.65833743	14.8466104	15.35201528	12.11913891	4.143106953	0.767431438	0.073173009	0.017075429
2009	1	2	300.190651	0.05	0	1	0.05	30	0.347469788	1.026178465	2.262182002	4.403760197	6.38790783	7.022466371	7.565203862	9.115897242	13.31852937	26.07365162	36.63545072	37.20203383	30.3967661	27.23765083	29.96781623	26.07422984	13.62297138	5.278978206	3.427099996	3.617278358	3.928563282	3.699459602	1.435120698	0.133438554	0.010546619
2010	1	2	202.4688065	0.05	0	1	0.05	30	0.280708021	0.829475735	1.830129958	3.566931266	5.178243649	5.66361997	5.899818282	6.391338238	7.955400059	15.66328545	22.12786412	22.72380209	19.36072379	18.65837807	20.7676819	18.04353885	11.21172951	7.442960724	5.010165569	1.858850535	0.654612406	0.629850384	0.553117488	0.156674417	0.009906006
2011	1	2	225.3149396	0.05	0	1	0.05	30	0.019895722	0.058870197	0.130393006	0.25765352	0.399231014	0.594811837	1.377766712	4.093829714	10.64030515	21.14188748	30.07975214	30.69662962	24.75803084	21.34847938	22.79358833	20.38921747	13.60081157	9.869100877	7.015723559	3.533021985	1.714890239	0.458573034	0.189613841	0.129997212	0.022865162
2012	1	2	149.3401066	0.05	0	1	0.05	30	0.063147684	0.186839501	0.41291886	0.806336747	1.171614714	1.269205247	1.243635231	1.062155217	0.717996301	1.513316824	2.625364919	4.736566946	10.24212967	20.57821537	29.57513658	27.33451453	17.46249819	11.57492417	8.296964639	4.628809539	2.534277724	0.983125923	0.242702402	0.05413542	0.023574203
2013	1	2	95.29899669	0.05	0	1	0.05	30	0.436194129	1.289300073	2.844912158	5.541458484	8.01544699	8.588543912	8.116944145	6.002474004	1.644802507	3.233948832	4.53534152	4.462793389	3.138589793	1.936922856	1.951316918	3.173333616	5.922303077	8.951460577	7.831671874	4.158564027	2.186866732	0.968645651	0.31398814	0.043608739	0.009564543
1984	1	3	35.1726166	0.05	0	1	0.05	30	0.265413914	0.638377898	1.146272788	1.81807988	2.144236465	1.874929289	1.435710173	0.809894823	0.404596291	0.934782993	1.685550902	2.397903678	2.753767778	2.661640097	2.339763854	2.077425208	1.970316831	1.912396685	1.765409464	1.483155676	1.11495478	0.7464068	0.444615818	0.235723305	0.111291208
1985	1	3	394.2973061	0.05	0	1	0.05	30	5.316522708	12.78436912	22.96887019	36.50906485	43.30321098	38.50906085	31.31643427	22.69846805	13.56392299	23.44326236	29.4549449	26.16243522	16.17570087	8.518409592	8.503397103	11.46314751	11.58912953	9.069480745	6.642596501	5.471254561	4.481839551	3.305923853	1.829162554	0.821856446	0.394840808
1986	1	3	408.5547116	0.05	0	1	0.05	30	0.787270027	1.891547021	3.396260422	5.408975733	6.5486232	6.630252465	8.726314395	16.50728222	32.81147179	55.86413434	69.59104032	62.73460204	41.9964734	25.31880309	21.33719246	18.55958732	10.15064821	5.034270724	4.902629344	4.188300308	2.591016338	1.807185057	1.113877583	0.463396255	0.193557568
1987	1	3	89.25337364	0.05	0	1	0.05	30	0.588814847	1.418316908	2.553192936	4.067197378	4.835073325	4.306158941	3.490573291	2.472291031	1.338832719	2.36926772	3.249820271	3.989124118	5.805051174	9.721291271	13.31860965	12.00555259	6.777039867	3.232973673	1.923378044	0.807534988	0.434515668	0.304317489	0.151162016	0.068098229	0.025185484
1988	1	3	10.40902137	0.05	0	1	0.05	30	0.011328259	0.027270598	0.049075153	0.078415154	0.095791144	0.100742278	0.145494872	0.298987472	0.613851516	1.04352623	1.299447384	1.171969581	0.780145902	0.459846996	0.412974097	0.519411377	0.740828718	1.041814913	0.902562355	0.396051699	0.143394428	0.045311818	0.020307495	0.00757927	0.002892657
1989	1	3	189.442201	0.05	0	1	0.05	30	2.274509857	5.462126443	9.790339853	15.49806428	18.24605162	15.96204172	12.37819124	7.553859019	1.66515585	2.877504572	3.91915577	5.004133679	7.809267034	13.42447272	18.248508	16.23270683	9.065232644	4.58935193	4.582997934	6.516601419	5.848700146	1.953961018	0.411345461	0.096354445	0.031567524
1990	1	3	326.2770421	0.05	0	1	0.05	30	3.563132458	8.563911888	15.37434237	24.4110128	28.93500984	25.88065028	21.89130596	18.64364995	17.54633116	29.92444021	37.08756712	32.55198748	19.57487678	7.917006556	3.649518959	3.943138004	5.573996512	7.606681758	6.300929587	2.733327618	1.644214213	2.022778501	0.830649633	0.088661596	0.017920824
1991	1	3	61.70701964	0.05	0	1	0.05	30	0.404516501	0.974057101	1.752456513	2.789917475	3.321819648	3.015012065	2.703033824	2.737387739	3.413353371	5.864979859	7.395893758	6.856828258	5.075019409	4.005281882	4.135816428	3.598372313	1.821570593	0.546262856	0.302582662	0.401338458	0.342468756	0.126581675	0.09113869	0.028899201	0.002430604
1992	1	3	115.817869	0.05	0	1	0.05	30	0.172025971	0.413953742	0.744451882	1.187052127	1.434062679	1.422958092	1.764115155	3.13705933	6.083063141	10.42524699	13.19338972	12.59531232	10.49635002	10.47715331	12.42612196	11.59632988	7.586177233	5.047253945	3.499660264	1.241706174	0.334688059	0.33073534	0.141341081	0.056340707	0.01131984
1993	1	3	328.3202094	0.05	0	1	0.05	30	5.10197641	12.27763264	22.07478436	35.10670678	41.61409485	36.739767	28.73501236	17.31310312	2.356843516	4.151882605	5.623019704	6.640875671	9.085547117	14.76902539	20.46574744	19.75729	14.67791177	12.47094732	10.13406403	5.511927116	2.73051219	0.664932915	0.218784218	0.076140179	0.021680681
1994	1	3	22.36221769	0.05	0	1	0.05	30	0.047669164	0.114830972	0.206819729	0.330554052	0.401376711	0.405010399	0.523756645	0.974936588	1.936298569	3.330362948	4.178459867	3.730607629	2.277256989	0.881411899	0.325475048	0.322992703	0.430831852	0.598385606	0.567824108	0.383400057	0.2543664	0.108736153	0.025970138	0.003820591	0.001062873
1995	1	3	575.6862207	0.05	0	1	0.05	30	1.585879055	3.810439396	6.839005138	10.8590885	12.8870433	11.61134568	10.15252832	9.617891415	11.01292228	19.38665273	26.43932768	32.1755106	46.42801139	77.94686635	107.8809159	97.00956509	49.27429612	13.6010077	5.917688418	7.542496298	7.40292376	4.366969468	1.684361875	0.225277443	0.028206769
1996	1	3	62.15499887	0.05	0	1	0.05	30	0.095949352	0.231185587	0.41644497	0.664833045	0.79876453	0.755329123	0.790386887	1.111195763	1.896788275	3.301343659	4.233568919	4.048543974	3.268838552	3.112861976	3.925721355	4.970713243	6.866944603	9.476423612	7.926606734	2.758090575	0.580551204	0.527134856	0.313708415	0.075888568	0.007181097
1997	1	3	167.3722324	0.05	0	1	0.05	30	0.331702705	0.796496473	1.427968218	2.26343276	2.682172325	2.432311114	2.224365092	2.406647013	3.264219252	5.596087387	7.222618259	7.571928779	8.327284406	11.71695966	16.04362583	15.89528287	11.93188051	10.9056797	13.59750294	18.94818996	16.26866932	3.989481175	1.005056865	0.450923785	0.071746018
1998	1	3	52.65715636	0.05	0	1	0.05	30	0.394285057	0.94711738	1.698170702	2.689664211	3.172669937	2.805319724	2.294458384	1.769569637	1.342784098	2.253872953	2.791158882	2.625734647	2.21670046	2.298089892	2.781253951	2.86839346	2.854901733	3.363157128	3.107845556	2.176668167	2.266967494	2.813019734	0.978663668	0.113048011	0.033641494
1999	1	3	29.55946539	0.05	0	1	0.05	30	0.43710536	1.052696406	1.894463684	3.016410557	3.58299065	3.185747103	2.570727094	1.79262154	0.905571052	1.562082703	1.966038423	1.786629439	1.223899632	0.798585589	0.707441902	0.628313008	0.456463167	0.396797792	0.374921264	0.363389267	0.319875406	0.228984437	0.237031664	0.064182391	0.006495861
2000	1	3	76.26857889	0.05	0	1	0.05	30	0.352582438	0.848232076	1.524455011	2.424909316	2.894030021	2.690012056	2.684309172	3.484882586	5.583307656	9.552594352	11.96394228	10.81730477	7.140690248	3.999188662	3.10066134	2.738013935	1.650201566	0.889725312	0.602592714	0.395192545	0.313558425	0.280863459	0.181336712	0.13239526	0.023596975
2001	1	3	43.9941776	0.05	0	1	0.05	30	0.347531219	0.837390145	1.508112166	2.404053146	2.862021713	2.561957106	2.122341937	1.639304656	1.203867459	2.112963789	2.769843553	2.863091454	2.921347713	3.753437587	4.845502976	4.400672874	2.473668456	1.106791423	0.649838759	0.304505752	0.134777015	0.075212923	0.052532001	0.029769569	0.01364221
2002	1	3	39.65497669	0.05	0	1	0.05	30	0.122637847	0.295429269	0.531975159	0.848640298	1.017386284	0.953233753	0.96645452	1.287316581	2.117824869	3.69264944	4.726683135	4.409720802	3.148475329	2.212959897	2.234070936	2.38224594	2.3537916	2.648229572	2.231041958	0.964186939	0.334248981	0.110272501	0.037354535	0.018721469	0.009425076
2003	1	3	355.7343124	0.05	0	1	0.05	30	5.222587576	12.5498839	22.52295963	35.73601334	42.24176814	37.21344105	29.23859564	18.40522014	4.958690692	8.608892195	11.20078674	11.63228085	12.25725083	16.51761728	22.20341577	21.19324415	13.43313076	8.358705873	7.350253347	7.070535424	5.550867004	1.794351591	0.370977478	0.069891958	0.032951036
2004	1	3	16.80752549	0.05	0	1	0.05	30	0.217222853	0.522838126	0.939793344	1.493210772	1.768530281	1.572627794	1.298667148	1.022632363	0.811178444	1.372875208	1.693980655	1.492917533	0.918564421	0.401478098	0.213419807	0.200663191	0.197782026	0.227878357	0.200253968	0.104654734	0.062913634	0.051825949	0.019282663	0.00196102	0.000373105
2005	1	3	937.0908295	0.05	0	1	0.05	30	3.093570844	7.430968724	13.33497522	21.19288175	25.36145172	24.1000804	26.14185047	39.1079079	69.0978353	118.1759954	147.7640452	134.1080118	93.05298265	63.26326046	57.86466024	48.54264744	24.50009735	7.877175176	3.986411498	3.70506665	3.065213271	1.370499179	0.743919609	0.193897369	0.015423785
2006	1	3	434.3819132	0.05	0	1	0.05	30	0.546270274	1.314552986	2.364643277	3.770247347	4.532657204	4.340065985	4.773505834	7.276416186	13.09071428	22.86203355	30.10843748	32.49007989	37.37487789	53.74354148	71.50871765	65.25888844	38.69215201	20.90377299	12.73738048	4.396333988	1.092936277	0.742690921	0.33681267	0.106555445	0.017628607
2007	1	3	295.7111112	0.05	0	1	0.05	30	2.143878552	5.152240919	9.245350994	14.66166448	17.31614966	15.26181418	12.1222031	8.145762031	3.623375167	6.24212475	8.138319234	8.806677471	10.40889849	15.62328085	22.35445584	25.27855038	27.80168913	33.92391973	28.96189473	13.57303734	5.342098204	1.1937704	0.280383754	0.089688367	0.01988344
2008	1	3	256.9329919	0.05	0	1	0.05	30	2.099860228	5.049635185	9.07062249	14.41223418	17.10574958	15.37828293	13.29638498	12.15727166	13.04764259	22.30376318	27.77286601	24.7188037	15.70139241	8.001015739	5.660237675	5.746222385	6.296672633	8.209023582	9.263738942	9.959807514	8.16744876	2.893420179	0.553575216	0.054321482	0.012998664
2009	1	3	231.1419349	0.05	0	1	0.05	30	1.534057363	3.684876999	6.60692999	10.4677233	12.37934563	11.13315067	9.869126653	9.876309907	12.14745869	20.39737935	25.17635412	23.1008874	17.58335804	15.12407316	16.40430532	14.37546585	7.682419875	3.074965471	2.072442459	2.274386087	2.565931849	2.503919483	1.00328008	0.096006078	0.00778103
2010	1	3	224.7525212	0.05	0	1	0.05	30	1.74526811	4.194561493	7.527259224	11.94004857	14.13202214	12.64460605	10.83875757	9.751465087	10.21818974	17.25592155	21.41477798	19.87127614	15.77171089	14.59001675	16.00934452	14.00925168	8.90392693	6.105466913	4.266684826	1.64592299	0.602113516	0.600346868	0.544545196	0.158744347	0.010292128
2011	1	3	139.5072741	0.05	0	1	0.05	30	0.083549729	0.201074213	0.36223236	0.582539582	0.735908986	0.896951186	1.709600207	4.218770003	9.230899625	15.73175083	19.66193881	18.13065364	13.62232774	11.27526752	11.86796439	10.69231595	7.295445308	5.46800307	4.035422027	2.112950813	1.065389665	0.295223803	0.126085337	0.088963575	0.016045708
2012	1	3	42.39540673	0.05	0	1	0.05	30	0.126564803	0.30457887	0.54747949	0.87011368	1.030753545	0.913463607	0.736515813	0.522413327	0.297291394	0.537444159	0.819052895	1.335231693	2.689649446	5.187257434	7.349545424	6.841522747	4.47057661	3.060832057	2.277749271	1.321242526	0.751443864	0.302080151	0.07702626	0.017681939	0.007895722
2013	1	3	80.9704779	0.05	0	1	0.05	30	1.441783436	3.466169305	6.220663203	9.861621312	11.62953792	10.19397641	7.927683616	4.868792224	1.123152124	1.894093109	2.333441733	2.074743565	1.359266649	0.8052062	0.799698391	1.309850818	2.500417267	3.903731536	3.545731566	1.957588107	1.069373327	0.490843076	0.164339768	0.023490194	0.005283038

#Use CPUE? (0-no; 1-yes)
0       0    	0
#Number of CPUE catchability  (Number of time blocks)
1
#Option for CPUE catchability calculation method (1-log(q)= sum(ln(Iobs/B^e1))/NUears 2-ln(sum((Iobs/B^e1))/NUears))
1		
#CPUE catchability time blocks set-up 
1984	1	1	1
1985	1	1	1	
1986	1	1	1	
1987	1	1	1	
1988	1	1	1	
1989	1	1	1	
1990	1	1	1	
1991	1	1	1	
1992	1	1	1	
1993	1	1	1	
1994	1	1	1	
1995	1	1	1	
1996	1	1	1	
1997	1	1	1	
1998	1	1	1	
1999	1	1	1	
2000	1	1	1	
2001	1	1	1	
2002	1	1	1	
2003	1	1	1	
2004	1	1	1	
2005	1	1	1	
2006	1	1	1	
2007	1	1	1	
2008	1	1	1	
2009	1	1	1	
2010	1	1	1	
2011	1	1	1	
2012	1	1	1	
2013	1	1	1	

#Number of fleet selectivity time blocks
3
#Fleet selectivity option for each fleet(1=by size; 2=logisitic; 3=double logistic; 4-double normal)
2	2	2	
#Fleet selectivity time blocks set-up
1984	1	2	3
1985	1	2	3
1986	1	2	3
1987	1	2	3
1988	1	2	3
1989	1	2	3
1990	1	2	3
1991	1	2	3
1992	1	2	3
1993	1	2	3
1994	1	2	3
1995	1	2	3
1996	1	2	3
1997	1	2	3
1998	1	2	3
1999	1	2	3
2000	1	2	3
2001	1	2	3
2002	1	2	3
2003	1	2	3
2004	1	2	3
2005	1	2	3
2006	1	2	3
2007	1	2	3
2008	1	2	3
2009	1	2	3
2010	1	2	3
2011	1	2	3
2012	1	2	3
2013	1	2	3

#Check Number
-22122
