#Number of size bins 
25 
#Lower and upper boundary for each size bin (mm) 
10 11 12 13 14 15 16 17 18 19 20 21 22 23 24 25 26 27 28 29 30 31 32 33 34 35 
#Parameters of weight-length relation by year (W in gram and L in mm) log(w)=a+b*log(L)//year a b 
1984 -7.4302 3.007 
1985 -7.4302 3.007 
1986 -7.4302 3.007 
1987 -7.4302 3.007 
1988 -7.4302 3.007 
1989 -7.4302 3.007 
1990 -7.4302 3.007 
1991 -7.4302 3.007 
1992 -7.4302 3.007 
1993 -7.4302 3.007 
1994 -7.4302 3.007 
1995 -7.4302 3.007 
1996 -7.4302 3.007 
1997 -7.4302 3.007 
1998 -7.4302 3.007 
1999 -7.4302 3.007 
2000 -7.4302 3.007 
2001 -7.4302 3.007 
2002 -7.4302 3.007 
2003 -7.4302 3.007 
2004 -7.4302 3.007 
2005 -7.4302 3.007 
2006 -7.4302 3.007 
2007 -7.4302 3.007 
2008 -7.4302 3.007 
2009 -7.4302 3.007 
2010 -7.4302 3.007 
2011 -7.4302 3.007 
2012 -7.4302 3.007 
2013 -7.4302 3.007 
#Maturity 
1984	0.00000	0.00000	0.00000	0.00000	0.00000	0.00000	0.00000	0.00000	0.00000	0.00171	0.00972	0.09204	0.61281	0.99261	1.00000	1.00000	1.00000	1.00000	1.00000	1.00000	1.00000	1.00000	1.00000	1.00000	1.00000
1985	0.00000	0.00000	0.00000	0.00000	0.00000	0.00000	0.00000	0.00000	0.00000	0.00000	0.00000	0.00184	0.00429	0.03910	0.52743	0.97672	0.94400	0.99862	1.00000	1.00000	1.00000	1.00000	1.00000	1.00000	1.00000
1986	0.00000	0.00000	0.00000	0.00000	0.00000	0.00000	0.00000	0.00000	0.00000	0.00000	0.00399	0.03724	0.18082	0.16083	0.17582	0.59933	0.97096	0.99221	1.00000	1.00000	1.00000	1.00000	1.00000	1.00000	1.00000
1987	0.00000	0.00000	0.00000	0.00000	0.00000	0.00000	0.00504	0.03399	0.02807	0.03800	0.04654	0.13261	0.15451	0.09227	0.28423	0.74294	0.83058	0.98056	1.00000	1.00000	1.00000	1.00000	1.00000	1.00000	1.00000
1988	0.00000	0.00000	0.00000	0.00000	0.00000	0.00000	0.00000	0.00000	0.00775	0.02658	0.01986	0.02004	0.06313	0.23201	0.34448	0.73528	0.94736	0.96574	1.00000	1.00000	1.00000	1.00000	1.00000	1.00000	1.00000
1989	0.00000	0.00000	0.00000	0.00000	0.00000	0.00000	0.00000	0.00000	0.00000	0.00000	0.00344	0.00739	0.16315	0.76448	0.96015	0.96155	0.98636	0.99818	1.00000	1.00000	1.00000	1.00000	1.00000	1.00000	1.00000
1990	0.00000	0.00000	0.00000	0.00000	0.00000	0.00000	0.00000	0.00000	0.00000	0.00000	0.00687	0.03599	0.04401	0.03100	0.18222	0.71144	0.97112	0.99538	1.00000	1.00000	1.00000	1.00000	1.00000	1.00000	1.00000
1991	0.00000	0.00000	0.00000	0.00000	0.00000	0.00000	0.00206	0.00417	0.00000	0.00000	0.01153	0.05074	0.05566	0.15575	0.23644	0.62534	0.93589	0.99732	1.00000	1.00000	1.00000	1.00000	1.00000	1.00000	1.00000
1992	0.00000	0.00000	0.00000	0.00000	0.00000	0.00000	0.00000	0.00000	0.00000	0.00052	0.00872	0.02178	0.18487	0.63682	0.84517	0.96579	0.98690	0.99640	1.00000	1.00000	1.00000	1.00000	1.00000	1.00000	1.00000
1993	0.00000	0.00000	0.00000	0.00000	0.00000	0.00000	0.00136	0.00017	0.00502	0.02058	0.00458	0.04226	0.18850	0.50674	0.66461	0.93788	0.99152	0.99769	1.00000	1.00000	1.00000	1.00000	1.00000	1.00000	1.00000
1994	0.00000	0.00000	0.00000	0.00000	0.00000	0.00000	0.00000	0.00019	0.00000	0.00260	0.00349	0.05823	0.23871	0.60929	0.95805	0.99863	1.00000	1.00000	1.00000	1.00000	1.00000	1.00000	1.00000	1.00000	1.00000
1995	0.00000	0.00000	0.00000	0.00000	0.00000	0.00000	0.00000	0.00000	0.00410	0.00341	0.01103	0.05714	0.22975	0.76190	0.97626	0.99707	1.00000	1.00000	1.00000	1.00000	1.00000	1.00000	1.00000	1.00000	1.00000
1996	0.00000	0.00000	0.00000	0.00000	0.00000	0.00000	0.00000	0.00000	0.00000	0.00000	0.00000	0.03498	0.11666	0.20135	0.55190	0.94223	0.98885	0.99774	1.00000	1.00000	1.00000	1.00000	1.00000	1.00000	1.00000
1997	0.00000	0.00000	0.00000	0.00000	0.00000	0.00000	0.00000	0.00000	0.00416	0.00000	0.00730	0.04585	0.17619	0.47414	0.74798	0.95915	0.98554	0.99678	1.00000	1.00000	1.00000	1.00000	1.00000	1.00000	1.00000
1998	0.00000	0.00000	0.00000	0.00000	0.00000	0.00000	0.00000	0.00000	0.00000	0.00877	0.03175	0.19858	0.58758	0.86403	0.97964	0.99285	0.99888	1.00000	1.00000	1.00000	1.00000	1.00000	1.00000	1.00000	1.00000
1999	0.00000	0.00000	0.00000	0.00000	0.00000	0.00000	0.00000	0.00000	0.00000	0.00000	0.03007	0.12912	0.25434	0.47713	0.88231	0.99242	0.99726	1.00000	1.00000	1.00000	1.00000	1.00000	1.00000	1.00000	1.00000
2000	0.00000	0.00000	0.00000	0.00000	0.00000	0.00000	0.00000	0.00097	0.00488	0.01095	0.03157	0.07022	0.39594	0.76837	0.95824	0.98302	1.00000	1.00000	1.00000	1.00000	1.00000	1.00000	1.00000	1.00000	1.00000
2001	0.00000	0.00000	0.00000	0.00000	0.00000	0.00000	0.00000	0.00777	0.01059	0.03231	0.12557	0.41823	0.78825	0.95811	0.98988	1.00000	1.00000	1.00000	1.00000	1.00000	1.00000	1.00000	1.00000	1.00000	1.00000
2002	0.00000	0.00000	0.00000	0.00000	0.00000	0.00098	0.00209	0.01594	0.09830	0.34898	0.50825	0.50526	0.65231	0.93291	0.99527	0.99819	0.99869	1.00000	1.00000	1.00000	1.00000	1.00000	1.00000	1.00000	1.00000
2003	0.00000	0.00000	0.00000	0.00000	0.00000	0.00000	0.00000	0.00000	0.01764	0.03562	0.12463	0.50191	0.94949	0.99000	0.99877	1.00000	1.00000	1.00000	1.00000	1.00000	1.00000	1.00000	1.00000	1.00000	1.00000
2004	0.00000	0.00000	0.00000	0.00000	0.00000	0.00099	0.00000	0.00000	0.00000	0.03606	0.09554	0.01410	0.03235	0.13612	0.56577	0.92945	0.98621	0.99050	1.00000	1.00000	1.00000	1.00000	1.00000	1.00000	1.00000
2005	0.00000	0.00000	0.00000	0.00279	0.00000	0.00000	0.00021	0.00000	0.00164	0.00282	0.00758	0.03016	0.13468	0.59570	0.81754	0.98237	0.99562	0.99868	1.00000	1.00000	1.00000	1.00000	1.00000	1.00000	1.00000
2006	0.00000	0.00000	0.00000	0.00000	0.00000	0.00174	0.00000	0.00123	0.00966	0.00729	0.02593	0.18499	0.56642	0.92009	0.98055	0.99621	0.99328	1.00000	1.00000	1.00000	1.00000	1.00000	1.00000	1.00000	1.00000
2007	0.00000	0.00000	0.00000	0.00000	0.04653	0.00000	0.01377	0.01255	0.01186	0.01928	0.05655	0.12867	0.36012	0.74255	0.95875	0.99628	0.99730	0.98897	1.00000	1.00000	1.00000	1.00000	1.00000	1.00000	1.00000
2008	0.00000	0.00000	0.00000	0.00000	0.00000	0.00000	0.00000	0.00265	0.00445	0.00000	0.01639	0.00329	0.03729	0.07087	0.19470	0.56999	0.92711	0.98964	1.00000	1.00000	1.00000	1.00000	1.00000	1.00000	1.00000
2009	0.00000	0.00000	0.00000	0.00000	0.00000	0.00000	0.00000	0.00000	0.00219	0.03111	0.05354	0.05724	0.09224	0.17068	0.39399	0.68696	0.87074	0.97035	1.00000	1.00000	1.00000	1.00000	1.00000	1.00000	1.00000
2010	0.00000	0.00000	0.00000	0.00000	0.00000	0.00479	0.00075	0.00060	0.00278	0.00321	0.01765	0.04250	0.06540	0.36717	0.76907	0.94753	0.98610	0.99356	1.00000	1.00000	1.00000	1.00000	1.00000	1.00000	1.00000
2011	0.00000	0.00000	0.00000	0.00000	0.00000	0.00000	0.00000	0.00380	0.00202	0.01504	0.08173	0.36023	0.71053	0.94881	0.98241	0.99550	0.99857	0.99796	1.00000	1.00000	1.00000	1.00000	1.00000	1.00000	1.00000
2012	0.00000	0.00000	0.00000	0.00000	0.00976	0.00000	0.00000	0.02731	0.02111	0.03810	0.07520	0.12706	0.30959	0.65098	0.89473	0.98450	0.99835	1.00000	1.00000	1.00000	1.00000	1.00000	1.00000	1.00000	1.00000
2013	0.00000	0.00000	0.00000	0.00000	0.00000	0.00000	0.00000	0.00000	0.01055	0.00000	0.05747	0.06957	0.12012	0.34937	0.58243	0.86720	0.95254	0.98273	1.00000	1.00000	1.00000	1.00000	1.00000	1.00000	1.00000

#Natural mortality weighting factors by size 
#4.381990146	4.015214179	3.707246847	3.444847177	3.218490715	3.021147574	2.847513661	2.693510204	2.555948198	2.432297608	2.320524999	2.218977015	2.126295261	2.041353124	1.9632082	1.891066001	1.824251933	1.762189425	1.704382693	1.650403017	1.599877736	1.552481342	1.507928228	1.465966731	1.426374217
1	1	1	1	1	1	1	1	1	1	1	1	1	1	1	1	1	1	1	1	1	1	1	1	1

#Natural mortality weighting factors by year 
#1 1 1 1 1 1 1 1 1 1 1 1 1 1 1 1 1 1 1 1 1 1 1 1 1 1 1 1 1 1 
0.58743607	0.776982405	0.769137968	0.515409523	0.665237525	0.708430682	0.822325376	0.639315499	0.604183995	0.659770287	0.629800111	0.994963191	0.693427641	0.700503579	0.608267914	0.991583931	1.360532975	0.959532348	2.085856049	1.4045286	0.772627471	1.058115255	1.464772391	1.434478605	1.135818089	1.442252493	1.567351897	1.565619654	1.381738474	1.504903342

#Number of size bins to which recruitment recruits 
3

#Proportions of the annual recruitment recruits to each season (Will not be used when the time-step is year) 
1 0 

#Spawning month (the beginning of the month) 
3 

#Recruitment-SSB relation 
1 
#Env fit to Recruitment devs 
1 
#Number of environmental variables for RS (max=3;has to be 3) 
3
#Values of environmental variables (year*variable) 
-0.25	0	0
-0.3	0	0
-0.1	0	0
-0.95	0	0
0.3		0	0
-0.6	0	0
0.25	0	0
0.15	0	0
-0.5	0	0
0.1		0	0
0.7		0	0
-0.4	0	0
-0.55	0	0
-0.4	0	0
-0.7	0	0
-0.9	0	0
-0.75	0	0
-1.1	0	0
-0.55	0	0
-1.3	0	0
0.3		0	0
0.85	0	0
-0.2	0	0
-1.2	0	0
-0.2	0	0
-0.8	0	0
-0.45	0	0
-1.35	0	0
-1.65	0	0
-1.95	0	0

#Initial condition set-up (8 choices: 0-7; see technical document) 
1 
#Proportions-at-size (Pia vector; will only be used when initial condition is set to 1 or 2) 
#0	0	0.000475406	0.002163472	0.009885752	0.00610727	0.004438164	0.016731577	0.07126548	0.189330529	0.235103828	0.128203116	0.059402306	0.05527819	0.044975706	0.054905974	0.057460089	0.031243994	0.020085272	0.008673739	0.003892243	0.000377894	0	0	0
0	0	0.00177065	0.00452846	0.0558017	0.1215503	0.224933	0.248973	0.1102565	0.02978286	0.00629912	0.01482621	0.0392693	0.0318445	0.02404525	0.01561877	0.02609663	0.0263837	0.01310483	0.00472878	0.000185184	0	0	0	0

# Check Number 
999 
