
#Number of available survey indices
1
#Unit of each survey index (1-biomass; 0-numbers)
0	
#Start size bin of selectivity for each survey
1		
#End size bin of selectivity for each survey
25		
#Use Index? (1-yes; 0-no)
1	
#Likelihood function of length composition data for each survey (1-multinomial; 2-robust normal)
1		
#Likelihood function of index for each survey
4			
#Lambda value of composition component in objective function for each survey
1		
#Lambda value of index in objective function for each survey
1		
#Number of data points for survey indices
30
#Year, IndexNum,IndexMonth(the end of the month), Index value, CV, ESS, Proportions at size 
1984	1	9	1151.858743	0.2	44	0	0	0.546832117	2.488517553	11.37101404	7.024843356	5.104965463	19.24537481	81.97260112	217.7760669	270.4264712	147.4647031	68.32707108	63.58333716	51.73297965	63.15519839	66.09304981	35.93817774	23.1029379	9.976904952	4.477023702	0.434670172	0	0	0
1985	1	9	1825.396173	0.2	44	0.147418711	0.226751899	1.495053651	11.09192365	43.30766567	105.0556793	105.5906597	44.90812905	2.633222021	6.13844593	38.86424311	160.4940755	404.8776103	314.6262585	122.4345923	166.827817	164.5035079	73.73917759	34.90980225	18.45297503	4.540263909	0.530900479	0	0	0
1986	1	9	1694.664537	0.2	40	0	0.406905786	1.421226089	17.94272469	77.37452283	145.9285513	85.04425171	22.82891523	7.611212365	38.17712908	168.5667887	206.9524745	99.60442816	94.04619414	117.3601526	118.0570178	161.1534516	200.5397557	88.17403488	28.98308255	11.0126328	2.362400742	1.116683463	0	0
1987	1	9	1532.809824	0.2	41	0.523528544	1.169212492	10.45309229	23.81167442	61.47908149	96.31898977	95.26862915	47.22978863	7.433291373	30.53920274	106.1065643	147.5665105	104.5666526	173.3264851	128.5348304	111.8619115	102.5420445	127.9522779	107.0461624	34.67422284	12.67073102	1.734939605	0	0	0
1988	1	9	1268.755956	0.2	41	0	0.501793831	1.894051567	7.359812628	66.56652681	180.0981546	284.4881381	211.1949755	76.35821168	16.22844839	23.69566735	67.18598713	55.25057705	31.57424355	39.10296457	41.6598282	58.90946992	52.01719073	33.68260434	14.30491175	5.135542971	1.526528899	0.020326005	0	0
1989	1	9	1883.636042	0.2	43	0	0.441033665	1.334453972	2.962373971	23.8562484	95.22830697	92.75992967	45.36674324	25.61594929	81.9527487	322.6411988	468.4300042	231.496051	119.1622043	90.9080464	67.29196401	80.31659832	61.96890278	38.65578058	20.34712538	10.44427537	2.322610553	0.10319835	0.030293913	0
1990	1	9	1623.198919	0.2	43	0	0.337831641	0	2.222197824	29.72083242	52.45447581	34.36216126	19.91493823	6.274011586	25.48934304	97.83315824	163.9324196	126.3264662	300.617485	238.5833232	167.9332345	164.4387264	95.44698378	53.38882554	25.6607204	16.54899934	2.234430234	0.697929923	0	0
1991	1	9	1255.857705	0.2	43	0.139654481	0.360765145	2.739613517	11.50281716	45.9811513	114.8939265	160.3451146	108.1795098	33.66188722	7.295643163	23.46811882	59.07404106	46.90141072	38.50457075	48.68700337	77.1818387	144.7413128	198.4731775	97.51506086	29.0079021	6.010438611	1.192746741	0	0	0
1992	1	9	955.1358448	0.2	45	0	0.238287466	1.877359015	9.902688456	23.08915055	60.27989738	86.09785123	63.75284061	23.16231578	34.03017778	83.54024555	123.8413823	77.94112559	43.54626554	30.35386787	44.72682945	57.98034326	55.46230388	67.82799097	44.21499057	18.8799476	4.169191802	0.220792123	0	0
1993	1	9	1156.919339	0.2	46	0	0	1.697920008	42.18736776	164.2812995	260.0741502	185.3264281	80.42499238	18.78781059	9.357193784	29.82671225	76.9967281	65.95357647	39.2383679	31.77504339	45.42682765	49.18336732	23.22152197	13.0945713	11.37736595	6.883166243	1.773511782	0.031416068	0	0
1994	1	9	984.1461443	0.2	43	0.819621409	0	0.278738864	8.349491662	46.35259832	68.913232	83.13217002	84.93017055	48.96865532	62.417832	147.2892573	145.1505712	78.68938478	34.0371563	31.17501196	34.97973109	44.52304115	30.72670702	19.63254427	7.375598118	4.677628563	1.494773019	0.232229362	0	0
1995	1	9	1448.639234	0.2	35	1.401139086	6.70780312	26.46979417	52.66077412	74.79273671	66.74949216	40.76147068	19.11310742	33.73266539	114.7921846	185.827041	150.767874	79.43664033	66.30736741	102.5708621	165.2990065	145.2973159	62.59710577	29.285564	15.88583165	6.837955319	1.129134131	0.216367946	0	0
1996	1	9	775.6190912	0.2	32	0	0.227949794	0.527031923	8.371220206	20.76617722	74.29056177	78.27683062	36.51606798	24.41546862	37.7708348	65.37529509	53.09921044	39.06324492	49.32952161	50.57025258	65.3536427	70.67564137	53.75920854	33.58336008	10.70469806	2.192639599	0.52577499	0.224458248	0	0
1997	1	9	761.5590896	0.2	40	0.087228953	1.240286908	5.835313755	30.20627219	86.62968719	122.4473232	86.21330952	35.99695788	15.79402906	20.32843488	53.09916027	44.09749145	28.51767521	28.14166617	36.6310495	44.6205177	44.75449902	35.27106389	25.00573704	11.8913436	3.867064226	0.697265369	0.132338702	0.05337393	0
1998	1	9	582.8300907	0.2	35	0	0	1.437917059	7.904268781	25.32242697	32.27649984	23.54568958	25.19103277	43.95442778	91.4356731	91.13493916	53.72267415	34.42284067	27.22151623	27.71763599	32.99443468	22.55051444	18.48494027	11.63842981	8.17017374	3.452787197	0.251268528	0	0	0
1999	1	9	398.0672703	0.2	42	0	0.188707469	1.107225242	2.171952332	9.645191884	33.47612828	41.07343787	20.00523205	9.351866844	14.50523641	34.73627723	39.19117213	35.0719853	29.54133817	30.82618963	37.32526599	26.62221794	17.32260298	8.034920365	5.61608003	1.709137898	0.420071977	0.125032307	0	0
2000	1	9	807.620735	0.2	35	0.108383671	0.169564664	2.377797305	11.38051008	64.02320234	122.4584262	130.9188683	86.58639955	29.05254612	9.801147844	16.74492801	33.87755317	31.20368575	28.41423104	46.5702773	71.49352656	64.14699245	33.53103263	14.66833336	6.446151859	2.731280144	0.576799405	0.041041908	0.298055316	0
2001	1	9	451.347188	0.2	36	0.102809186	0.077378507	0.434130595	0.442396085	1.491292033	3.912935205	6.51944465	11.4588758	29.75625459	67.52050629	89.66485335	66.73353283	48.41288071	25.96123674	28.25606806	25.56150774	20.05447132	13.23429277	8.885615464	2.53060729	0.284691566	0.051407192	0	0	0
2002	1	9	1445.496927	0.2	38	0.192103757	0.381788983	1.706250924	13.23131749	36.61950906	191.4892626	349.2162818	375.3417057	141.6492828	43.53031566	16.92589429	8.323412088	10.37105611	26.94267679	67.29051216	69.6427308	45.10860429	26.07611428	13.51902652	5.176930359	2.317672125	0.444478414	0	0	0
2003	1	9	564.1606347	0.2	37	0	0.054147078	0.296006727	0.907379803	1.969465097	2.847398568	4.704204319	16.29389583	57.89499334	99.97255145	104.3754547	67.93032137	69.2249934	63.50914669	28.8604797	13.33780713	13.73690408	10.6804908	5.165798334	1.691751639	0.416966172	0.290478524	0	0	0
2004	1	9	886.6699536	0.2	35	0.049156366	0.388977564	1.096915213	8.433961206	38.78007125	93.57411845	89.83399917	41.51796265	13.33411637	8.320909781	9.526062559	28.48629764	85.74770553	136.5109591	107.1892466	103.9700325	72.02774076	25.10681957	14.36790143	6.820044416	1.257608993	0.325686213	0	0.003660177	0
2005	1	9	3661.129178	0.2	46	0.275436804	3.002863284	20.61493161	127.9062365	357.5492687	509.8683988	412.3685687	227.8820337	96.75014265	184.7234916	387.6174187	363.2013849	152.1381649	57.65044763	50.94332105	106.7256986	247.6055363	227.9095769	94.39492833	22.56885469	7.411754877	1.417430045	0.603289313	0	0
2006	1	9	9997.596379	0.2	29	0	0	5.196788812	31.47250888	94.10579262	120.5876653	122.9466012	362.328618	1049.823405	2228.287558	2068.305963	894.8934241	416.2400571	432.5869725	711.2042919	666.2395763	304.6635337	200.9569027	177.1169535	85.50682824	19.02256539	5.18907452	0.921298297	0	0
2007	1	9	886.581191	0.2	43	0.278397821	0.610154724	1.180867252	3.050767609	4.637152257	5.454623484	13.94832199	23.35002462	46.26461805	68.82744192	102.0381859	138.7796667	132.3735972	108.7105018	87.69669037	65.92619716	45.35211724	20.772892	12.30951006	4.839298773	0.131740502	0.048423547	0	0	0
2008	1	9	1737.016849	0.2	38	0.230165767	0.230165767	2.086848364	7.179427767	34.64723963	107.5195973	169.1709774	133.4479373	51.68446323	29.07405958	42.13017395	90.87679972	147.1780351	177.21391	201.4858773	162.5227435	171.5176883	123.5586378	56.8507501	20.76054664	5.251401248	1.931644741	0.467757947	0	0
2009	1	9	1627.476184	0.2	49	0.417650049	2.131361248	10.34812508	64.04926599	109.8794165	146.0534738	119.8553495	82.21662809	49.99060317	60.58964054	109.0442466	120.0007466	89.90397032	60.35737041	67.80807411	83.86568581	125.0692288	139.2179417	100.9940122	49.39301905	18.26921852	9.148897675	4.7574639	2.683669707	0.487993508
2010	1	9	1372.736942	0.2	49	0.099748679	0.632196703	2.96149805	12.46468422	49.84129827	108.121241	142.3499696	121.8295645	71.00966179	83.46729399	136.0349737	170.630417	107.1880192	49.8375142	37.82389075	50.1178708	70.8058809	59.60222224	42.88217077	31.60425775	17.25354362	4.865535001	1.032549497	0.280939315	0
2011	1	9	830.1414525	0.2	47	0	0.04838037	0.256016177	0.526146681	4.251102015	8.615628533	13.04988771	56.21148326	118.5349109	150.013742	78.02234375	52.56031937	63.48214116	97.74139721	89.25491842	45.89046091	24.23815501	15.19794282	6.541114997	3.39644986	2.003037918	0.305873391	0	0	0
2012	1	9	137.8646892	0.2	49	0.024001212	0.154010465	0.283243729	0.891751448	1.231614093	1.40846481	1.763631553	3.193519682	4.409880065	7.618322906	14.18470824	14.64410531	13.4985614	13.14220347	14.39517235	18.35171007	16.58601258	7.595021091	3.276995849	1.019307772	0.168298724	0	0.024152379	0	0
2013	1	9	27	0.2	50	0	0	0.006296028	0.047386603	0.165808995	0.267108733	0.305694454	0.270135287	0.32281762	0.591603749	0.467263772	0.639251337	1.119321196	2.357025799	3.135419599	3.843674604	4.905444638	4.822908625	2.82375981	1.107943002	0.174057378	0.03460147	0.004722027	0.00510885	0
#Lambda value of sex change component in objective function
1
#IndexNum for proportions of female at size
1
#Proportions of female at size 
0.00000	0.00000	0.00000	0.00000	0.00000	0.00000	0.00000	0.00000	0.00000	0.00171	0.00972	0.09204	0.61281	0.99261	1.00000	1.00000	1.00000	1.00000	1.00000	1.00000	1.00000	1.00000	1.00000	1.00000	1.00000
0.00000	0.00000	0.00000	0.00000	0.00000	0.00000	0.00000	0.00000	0.00000	0.00000	0.00000	0.00184	0.00429	0.03910	0.52743	0.97672	0.94400	0.99862	1.00000	1.00000	1.00000	1.00000	1.00000	1.00000	1.00000
0.00000	0.00000	0.00000	0.00000	0.00000	0.00000	0.00000	0.00000	0.00000	0.00000	0.00399	0.03724	0.18082	0.16083	0.17582	0.59933	0.97096	0.99221	1.00000	1.00000	1.00000	1.00000	1.00000	1.00000	1.00000
0.00000	0.00000	0.00000	0.00000	0.00000	0.00000	0.00504	0.03399	0.02807	0.03800	0.04654	0.13261	0.15451	0.09227	0.28423	0.74294	0.83058	0.98056	1.00000	1.00000	1.00000	1.00000	1.00000	1.00000	1.00000
0.00000	0.00000	0.00000	0.00000	0.00000	0.00000	0.00000	0.00000	0.00775	0.02658	0.01986	0.02004	0.06313	0.23201	0.34448	0.73528	0.94736	0.96574	1.00000	1.00000	1.00000	1.00000	1.00000	1.00000	1.00000
0.00000	0.00000	0.00000	0.00000	0.00000	0.00000	0.00000	0.00000	0.00000	0.00000	0.00344	0.00739	0.16315	0.76448	0.96015	0.96155	0.98636	0.99818	1.00000	1.00000	1.00000	1.00000	1.00000	1.00000	1.00000
0.00000	0.00000	0.00000	0.00000	0.00000	0.00000	0.00000	0.00000	0.00000	0.00000	0.00687	0.03599	0.04401	0.03100	0.18222	0.71144	0.97112	0.99538	1.00000	1.00000	1.00000	1.00000	1.00000	1.00000	1.00000
0.00000	0.00000	0.00000	0.00000	0.00000	0.00000	0.00206	0.00417	0.00000	0.00000	0.01153	0.05074	0.05566	0.15575	0.23644	0.62534	0.93589	0.99732	1.00000	1.00000	1.00000	1.00000	1.00000	1.00000	1.00000
0.00000	0.00000	0.00000	0.00000	0.00000	0.00000	0.00000	0.00000	0.00000	0.00052	0.00872	0.02178	0.18487	0.63682	0.84517	0.96579	0.98690	0.99640	1.00000	1.00000	1.00000	1.00000	1.00000	1.00000	1.00000
0.00000	0.00000	0.00000	0.00000	0.00000	0.00000	0.00136	0.00017	0.00502	0.02058	0.00458	0.04226	0.18850	0.50674	0.66461	0.93788	0.99152	0.99769	1.00000	1.00000	1.00000	1.00000	1.00000	1.00000	1.00000
0.00000	0.00000	0.00000	0.00000	0.00000	0.00000	0.00000	0.00019	0.00000	0.00260	0.00349	0.05823	0.23871	0.60929	0.95805	0.99863	1.00000	1.00000	1.00000	1.00000	1.00000	1.00000	1.00000	1.00000	1.00000
0.00000	0.00000	0.00000	0.00000	0.00000	0.00000	0.00000	0.00000	0.00410	0.00341	0.01103	0.05714	0.22975	0.76190	0.97626	0.99707	1.00000	1.00000	1.00000	1.00000	1.00000	1.00000	1.00000	1.00000	1.00000
0.00000	0.00000	0.00000	0.00000	0.00000	0.00000	0.00000	0.00000	0.00000	0.00000	0.00000	0.03498	0.11666	0.20135	0.55190	0.94223	0.98885	0.99774	1.00000	1.00000	1.00000	1.00000	1.00000	1.00000	1.00000
0.00000	0.00000	0.00000	0.00000	0.00000	0.00000	0.00000	0.00000	0.00416	0.00000	0.00730	0.04585	0.17619	0.47414	0.74798	0.95915	0.98554	0.99678	1.00000	1.00000	1.00000	1.00000	1.00000	1.00000	1.00000
0.00000	0.00000	0.00000	0.00000	0.00000	0.00000	0.00000	0.00000	0.00000	0.00877	0.03175	0.19858	0.58758	0.86403	0.97964	0.99285	0.99888	1.00000	1.00000	1.00000	1.00000	1.00000	1.00000	1.00000	1.00000
0.00000	0.00000	0.00000	0.00000	0.00000	0.00000	0.00000	0.00000	0.00000	0.00000	0.03007	0.12912	0.25434	0.47713	0.88231	0.99242	0.99726	1.00000	1.00000	1.00000	1.00000	1.00000	1.00000	1.00000	1.00000
0.00000	0.00000	0.00000	0.00000	0.00000	0.00000	0.00000	0.00097	0.00488	0.01095	0.03157	0.07022	0.39594	0.76837	0.95824	0.98302	1.00000	1.00000	1.00000	1.00000	1.00000	1.00000	1.00000	1.00000	1.00000
0.00000	0.00000	0.00000	0.00000	0.00000	0.00000	0.00000	0.00777	0.01059	0.03231	0.12557	0.41823	0.78825	0.95811	0.98988	1.00000	1.00000	1.00000	1.00000	1.00000	1.00000	1.00000	1.00000	1.00000	1.00000
0.00000	0.00000	0.00000	0.00000	0.00000	0.00098	0.00209	0.01594	0.09830	0.34898	0.50825	0.50526	0.65231	0.93291	0.99527	0.99819	0.99869	1.00000	1.00000	1.00000	1.00000	1.00000	1.00000	1.00000	1.00000
0.00000	0.00000	0.00000	0.00000	0.00000	0.00000	0.00000	0.00000	0.01764	0.03562	0.12463	0.50191	0.94949	0.99000	0.99877	1.00000	1.00000	1.00000	1.00000	1.00000	1.00000	1.00000	1.00000	1.00000	1.00000
0.00000	0.00000	0.00000	0.00000	0.00000	0.00099	0.00000	0.00000	0.00000	0.03606	0.09554	0.01410	0.03235	0.13612	0.56577	0.92945	0.98621	0.99050	1.00000	1.00000	1.00000	1.00000	1.00000	1.00000	1.00000
0.00000	0.00000	0.00000	0.00279	0.00000	0.00000	0.00021	0.00000	0.00164	0.00282	0.00758	0.03016	0.13468	0.59570	0.81754	0.98237	0.99562	0.99868	1.00000	1.00000	1.00000	1.00000	1.00000	1.00000	1.00000
0.00000	0.00000	0.00000	0.00000	0.00000	0.00174	0.00000	0.00123	0.00966	0.00729	0.02593	0.18499	0.56642	0.92009	0.98055	0.99621	0.99328	1.00000	1.00000	1.00000	1.00000	1.00000	1.00000	1.00000	1.00000
0.00000	0.00000	0.00000	0.00000	0.04653	0.00000	0.01377	0.01255	0.01186	0.01928	0.05655	0.12867	0.36012	0.74255	0.95875	0.99628	0.99730	0.98897	1.00000	1.00000	1.00000	1.00000	1.00000	1.00000	1.00000
0.00000	0.00000	0.00000	0.00000	0.00000	0.00000	0.00000	0.00265	0.00445	0.00000	0.01639	0.00329	0.03729	0.07087	0.19470	0.56999	0.92711	0.98964	1.00000	1.00000	1.00000	1.00000	1.00000	1.00000	1.00000
0.00000	0.00000	0.00000	0.00000	0.00000	0.00000	0.00000	0.00000	0.00219	0.03111	0.05354	0.05724	0.09224	0.17068	0.39399	0.68696	0.87074	0.97035	1.00000	1.00000	1.00000	1.00000	1.00000	1.00000	1.00000
0.00000	0.00000	0.00000	0.00000	0.00000	0.00479	0.00075	0.00060	0.00278	0.00321	0.01765	0.04250	0.06540	0.36717	0.76907	0.94753	0.98610	0.99356	1.00000	1.00000	1.00000	1.00000	1.00000	1.00000	1.00000
0.00000	0.00000	0.00000	0.00000	0.00000	0.00000	0.00000	0.00380	0.00202	0.01504	0.08173	0.36023	0.71053	0.94881	0.98241	0.99550	0.99857	0.99796	1.00000	1.00000	1.00000	1.00000	1.00000	1.00000	1.00000
0.00000	0.00000	0.00000	0.00000	0.00976	0.00000	0.00000	0.02731	0.02111	0.03810	0.07520	0.12706	0.30959	0.65098	0.89473	0.98450	0.99835	1.00000	1.00000	1.00000	1.00000	1.00000	1.00000	1.00000	1.00000
0.00000	0.00000	0.00000	0.00000	0.00000	0.00000	0.00000	0.00000	0.01055	0.00000	0.05747	0.06957	0.12012	0.34937	0.58243	0.86720	0.95254	0.98273	1.00000	1.00000	1.00000	1.00000	1.00000	1.00000	1.00000
#Number of survey catchability (allow time-varying catchability)
1
#Option for catchability calculation method  (1-qI=sum(ln(Iobs/B^e1))/NUears; 2-qI=ln(sum(Iobs/B^e1))/NUears)
2	
#Index catchability time blocks set-up 
1984	1
1985	1
1986	1
1987	1
1988	1
1989	1
1990	1
1991	1
1992	1
1993	1
1994	1
1995	1
1996	1
1997	1
1998	1
1999	1
2000	1
2001	1
2002	1
2003	1
2004	1
2005	1
2006	1
2007	1
2008	1
2009	1
2010	1
2011	1
2012	1
2013	1
#Use fleet selectivity? (negative value-not use; fleet number-use that particular fleet)
-2	
#Number of survey selectivity time blocks
1
#Survey selectivity option for each survey (1-by size; 2-logisitic; 3-double logistic; 4-double normal)
2	
#Survey selectivity time blocks set-up
1984	1
1985	1
1986	1
1987	1
1988	1
1989	1
1990	1
1991	1
1992	1
1993	1
1994	1
1995	1
1996	1
1997	1
1998	1
1999	1
2000	1
2001	1
2002	1
2003	1
2004	1
2005	1
2006	1
2007	1
2008	1
2009	1
2010	1
2011	1
2012	1
2013	1

#Check Number
-22122
