# Number of fleets 
3 
# Catch unit for each fleet (0-Number(Million); 1-Biomass(1000mt)) 
0 0 0
0 0 0
# Start size bin of selectivity for each fleet 
1 1 1
1 1 1
# End size bin of selectivity for each fleet 
25 25 25
25 25 25
# Likelihood function of length composition data for each fleet (1-multinomial; 2-robust normal) 
1 1 1
1 1 1
# Likelihood function of total catch for each fleet 
4 4 4
4 4 4
# Likelihood function of CPUE for each fleet 
4 4 4
4 4 4
# Lambda value of composition component in objective function for each fleet 
1 1 1
1 1 1
# Lambda value of total catch in objective function for each fleet 
1 1 1
1 1 1
# Lambda value of CPUE in objective function for each fleet 
0 0 0
0 0 0
# Number of data points for catch data 
180 
# #Year, timestep, Fleet, Total Catch 
1984	1	1	298.2958	0.15	-1	1	-1	-1	-1	-1	-1	-1	-1	-1	-1	-1	-1	-1	-1	-1	-1	-1	-1	-1	-1	-1	-1	-1	-1	-1	-1	-1	-1
1985	1	1	355.5666	0.15	-1	1	-1	9.28	1.5611	0.498	0.6767	0.961	0.4132	0.6767	1.8881	2.5207	3.2235	6.7129	15.6829	23.4937	37.8371	50.7023	55.697	52.6216	52.2246	30.6212	11.4248	4.5156	1.3008	0.2771	0.0359	0	0
1986	1	1	369.3173	0.15	-1	1	-1	9.75	0.1237	0.1263	1.8046	3.0502	4.1614	2.0757	3.0501	4.3708	6.0622	8.9791	10.6628	5.9338	6.0343	11.8736	42.376	87.7188	94.3276	41.8632	23.314	9.244	1.9042	0.2056	0.0553	0	0
1987	1	1	424.4052	0.15	-1	1	-1	9.54	0.2203	0.8581	2.0484	3.6738	1.788	2.3834	3.5362	10.2204	8.6165	9.7107	8.5311	14.6395	19.7112	18.7116	19.0381	40.9991	91.2326	105.9046	45.1027	13.1101	4.0502	0.3151	0	0.0033	0
1988	1	1	220.2974	0.15	-1	1	-1	21.33	0.969	0.2057	0.4667	0.5055	0.5225	0.8157	1.9639	3.7478	2.7479	1.6683	3.2971	5.9779	6.444	9.0168	16.1632	27.3177	36.8049	49.152	36.1262	14.2617	1.9754	0.1475	0	0	0
1989	1	1	295.7303	0.15	-1	1	-1	17.92	0.0743	0.0938	0.4561	0.2498	0.0955	0.5098	1.9217	9.9477	16.8329	15.3935	15.2439	13.2732	12.7057	15.3313	15.815	25.8591	48.4387	51.2334	33.3236	13.9724	3.9305	0.8493	0.1791	0	0
1990	1	1	437.1749	0.15	-1	1	-1	11.21	0.0885	0.1158	0.1028	0.139	0.4794	1.6685	5.4518	15.5677	22.8969	36.1813	26.202	27.8472	41.3536	46.3929	48.7226	51.0965	49.7957	33.5906	18.7359	8.3495	1.7535	0.5452	0.098	0	0
1991	1	1	334.776	0.15	-1	1	-1	32.11	1.1701	1.2656	1.9279	4.4715	4.0099	1.6997	2.5269	8.4537	14.0837	16.2754	14.8352	12.7309	19.9437	14.3098	22.3054	55.4618	73.1743	42.2469	14.4867	6.9843	1.7328	0.5987	0.0125	0.0685	0
1992	1	1	267.7432	0.15	-1	1	-1	30.25	2.3092	1.4448	0.6927	0.6859	0.5999	1.2204	3.9341	7.845	11.5271	7.0884	5.002	2.9533	4.4341	5.5165	8.9366	21.5823	49.1088	83.0943	38.827	9.4078	1.3523	0.1603	0.0204	0	0
1993	1	1	186.6902	0.15	-1	1	-1	42.85	1.1905	1.7554	2.4337	2.3458	0.6844	0.5452	1.6019	4.9728	9.1413	9.1325	7.3088	7.9774	12.3074	18.0826	17.2561	20.2325	20.9764	21.9013	17.7956	7.3764	1.3814	0.2888	0.002	0	0
1994	1	1	263.224	0.15	-1	1	-1	31.34	1.5191	1.264	0.6597	0.8517	1.2033	5.8003	13.665	14.6084	14.701	9.0771	5.6823	7.8661	14.6602	21.4345	33.982	43.266	34.8365	17.1164	11.063	6.8843	2.7305	0.3528	0	0	0
1995	1	1	627.4711	0.15	-1	1	-1	10.44	2.8258	2.3004	2.1815	2.3533	2.4327	7.4536	14.5851	22.9972	26.4718	20.4653	24.0151	37.0642	59.0247	76.6706	71.7939	72.9031	75.6581	59.5266	28.3299	12.3388	4.2068	1.4949	0.3395	0.0382	0
1996	1	1	865.4404	0.15	-1	1	-1	14.04	0.7917	0.7851	1.7476	2.7922	4.08	4.6906	9.4162	11.874	13.9279	17.3778	25.7219	29.531	37.9571	68.7183	124.294	204.6685	170.8921	84.1356	31.3173	14.5584	4.7496	1.2104	0.1721	0.031	0
1997	1	1	716.3366	0.15	-1	1	-1	22.55	9.7824	7.8945	7.498	6.8325	3.6301	6.1693	13.9236	25.9679	33.9816	34.5062	33.3054	34.7944	41.2347	37.1329	53.7308	97.8048	108.1584	86.9794	49.057	18.0003	4.9813	0.8036	0.1457	0.0217	0
1998	1	1	361.4645	0.15	-1	1	-1	31.26	2.0212	1.5903	1.3375	2.8755	5.4445	9.2978	11.6398	12.7439	11.9561	9.2268	6.9623	7.8743	12.3839	21.1309	32.9774	55.6743	63.7982	45.579	30.4776	12.633	3.1857	0.564	0.055	0.0356	0
1999	1	1	207.1667	0.15	-1	1	-1	53.58	0.7093	1.11	1.4724	1.0578	1.2546	2.3594	5.9483	7.6245	7.7751	10.803	15.1941	18.1953	21.6189	23.9559	22.9392	22.6206	18.1813	11.8954	6.91	3.8497	1.3099	0.3625	0.0194	0	0
2000	1	1	-1	-1	-1	-1	-1	-1	-1	-1	-1	-1	-1	-1	-1	-1	-1	-1	-1	-1	-1	-1	-1	-1	-1	-1	-1	-1	-1	-1	-1	-1	-1
2001	1	1	-1	-1	-1	-1	-1	-1	-1	-1	-1	-1	-1	-1	-1	-1	-1	-1	-1	-1	-1	-1	-1	-1	-1	-1	-1	-1	-1	-1	-1	-1	-1
2002	1	1	-1	-1	-1	-1	-1	-1	-1	-1	-1	-1	-1	-1	-1	-1	-1	-1	-1	-1	-1	-1	-1	-1	-1	-1	-1	-1	-1	-1	-1	-1	-1
2003	1	1	-1	-1	-1	-1	-1	-1	-1	-1	-1	-1	-1	-1	-1	-1	-1	-1	-1	-1	-1	-1	-1	-1	-1	-1	-1	-1	-1	-1	-1	-1	-1
2004	1	1	-1	-1	-1	-1	-1	-1	-1	-1	-1	-1	-1	-1	-1	-1	-1	-1	-1	-1	-1	-1	-1	-1	-1	-1	-1	-1	-1	-1	-1	-1	-1
2005	1	1	-1	-1	-1	-1	-1	-1	-1	-1	-1	-1	-1	-1	-1	-1	-1	-1	-1	-1	-1	-1	-1	-1	-1	-1	-1	-1	-1	-1	-1	-1	-1
2006	1	1	-1	-1	-1	-1	-1	-1	-1	-1	-1	-1	-1	-1	-1	-1	-1	-1	-1	-1	-1	-1	-1	-1	-1	-1	-1	-1	-1	-1	-1	-1	-1
2007	1	1	-1	-1	-1	-1	-1	-1	-1	-1	-1	-1	-1	-1	-1	-1	-1	-1	-1	-1	-1	-1	-1	-1	-1	-1	-1	-1	-1	-1	-1	-1	-1
2008	1	1	-1	-1	-1	-1	-1	-1	-1	-1	-1	-1	-1	-1	-1	-1	-1	-1	-1	-1	-1	-1	-1	-1	-1	-1	-1	-1	-1	-1	-1	-1	-1
2009	1	1	-1	-1	-1	-1	-1	-1	-1	-1	-1	-1	-1	-1	-1	-1	-1	-1	-1	-1	-1	-1	-1	-1	-1	-1	-1	-1	-1	-1	-1	-1	-1
2010	1	1	-1	-1	-1	-1	-1	-1	-1	-1	-1	-1	-1	-1	-1	-1	-1	-1	-1	-1	-1	-1	-1	-1	-1	-1	-1	-1	-1	-1	-1	-1	-1
2011	1	1	-1	-1	-1	-1	-1	-1	-1	-1	-1	-1	-1	-1	-1	-1	-1	-1	-1	-1	-1	-1	-1	-1	-1	-1	-1	-1	-1	-1	-1	-1	-1
2012	1	1	-1	-1	-1	-1	-1	-1	-1	-1	-1	-1	-1	-1	-1	-1	-1	-1	-1	-1	-1	-1	-1	-1	-1	-1	-1	-1	-1	-1	-1	-1	-1
2013	1	1	-1	-1	-1	-1	-1	-1	-1	-1	-1	-1	-1	-1	-1	-1	-1	-1	-1	-1	-1	-1	-1	-1	-1	-1	-1	-1	-1	-1	-1	-1	-1
1984	2	1	-1	-1	-1	-1	-1	-1	-1	-1	-1	-1	-1	-1	-1	-1	-1	-1	-1	-1	-1	-1	-1	-1	-1	-1	-1	-1	-1	-1	-1	-1	-1
1985	2	1	-1	-1	-1	-1	-1	-1	-1	-1	-1	-1	-1	-1	-1	-1	-1	-1	-1	-1	-1	-1	-1	-1	-1	-1	-1	-1	-1	-1	-1	-1	-1
1986	2	1	-1	-1	-1	-1	-1	-1	-1	-1	-1	-1	-1	-1	-1	-1	-1	-1	-1	-1	-1	-1	-1	-1	-1	-1	-1	-1	-1	-1	-1	-1	-1
1987	2	1	-1	-1	-1	-1	-1	-1	-1	-1	-1	-1	-1	-1	-1	-1	-1	-1	-1	-1	-1	-1	-1	-1	-1	-1	-1	-1	-1	-1	-1	-1	-1
1988	2	1	-1	-1	-1	-1	-1	-1	-1	-1	-1	-1	-1	-1	-1	-1	-1	-1	-1	-1	-1	-1	-1	-1	-1	-1	-1	-1	-1	-1	-1	-1	-1
1989	2	1	-1	-1	-1	-1	-1	-1	-1	-1	-1	-1	-1	-1	-1	-1	-1	-1	-1	-1	-1	-1	-1	-1	-1	-1	-1	-1	-1	-1	-1	-1	-1
1990	2	1	-1	-1	-1	-1	-1	-1	-1	-1	-1	-1	-1	-1	-1	-1	-1	-1	-1	-1	-1	-1	-1	-1	-1	-1	-1	-1	-1	-1	-1	-1	-1
1991	2	1	-1	-1	-1	-1	-1	-1	-1	-1	-1	-1	-1	-1	-1	-1	-1	-1	-1	-1	-1	-1	-1	-1	-1	-1	-1	-1	-1	-1	-1	-1	-1
1992	2	1	-1	-1	-1	-1	-1	-1	-1	-1	-1	-1	-1	-1	-1	-1	-1	-1	-1	-1	-1	-1	-1	-1	-1	-1	-1	-1	-1	-1	-1	-1	-1
1993	2	1	-1	-1	-1	-1	-1	-1	-1	-1	-1	-1	-1	-1	-1	-1	-1	-1	-1	-1	-1	-1	-1	-1	-1	-1	-1	-1	-1	-1	-1	-1	-1
1994	2	1	-1	-1	-1	-1	-1	-1	-1	-1	-1	-1	-1	-1	-1	-1	-1	-1	-1	-1	-1	-1	-1	-1	-1	-1	-1	-1	-1	-1	-1	-1	-1
1995	2	1	-1	-1	-1	-1	-1	-1	-1	-1	-1	-1	-1	-1	-1	-1	-1	-1	-1	-1	-1	-1	-1	-1	-1	-1	-1	-1	-1	-1	-1	-1	-1
1996	2	1	-1	-1	-1	-1	-1	-1	-1	-1	-1	-1	-1	-1	-1	-1	-1	-1	-1	-1	-1	-1	-1	-1	-1	-1	-1	-1	-1	-1	-1	-1	-1
1997	2	1	-1	-1	-1	-1	-1	-1	-1	-1	-1	-1	-1	-1	-1	-1	-1	-1	-1	-1	-1	-1	-1	-1	-1	-1	-1	-1	-1	-1	-1	-1	-1
1998	2	1	-1	-1	-1	-1	-1	-1	-1	-1	-1	-1	-1	-1	-1	-1	-1	-1	-1	-1	-1	-1	-1	-1	-1	-1	-1	-1	-1	-1	-1	-1	-1
1999	2	1	-1	-1	-1	-1	-1	-1	-1	-1	-1	-1	-1	-1	-1	-1	-1	-1	-1	-1	-1	-1	-1	-1	-1	-1	-1	-1	-1	-1	-1	-1	-1
2000	2	1	-1	-1	-1	-1	-1	-1	-1	-1	-1	-1	-1	-1	-1	-1	-1	-1	-1	-1	-1	-1	-1	-1	-1	-1	-1	-1	-1	-1	-1	-1	-1
2001	2	1	-1	-1	-1	-1	-1	-1	-1	-1	-1	-1	-1	-1	-1	-1	-1	-1	-1	-1	-1	-1	-1	-1	-1	-1	-1	-1	-1	-1	-1	-1	-1
2002	2	1	-1	-1	-1	-1	-1	-1	-1	-1	-1	-1	-1	-1	-1	-1	-1	-1	-1	-1	-1	-1	-1	-1	-1	-1	-1	-1	-1	-1	-1	-1	-1
2003	2	1	-1	-1	-1	-1	-1	-1	-1	-1	-1	-1	-1	-1	-1	-1	-1	-1	-1	-1	-1	-1	-1	-1	-1	-1	-1	-1	-1	-1	-1	-1	-1
2004	2	1	-1	-1	-1	-1	-1	-1	-1	-1	-1	-1	-1	-1	-1	-1	-1	-1	-1	-1	-1	-1	-1	-1	-1	-1	-1	-1	-1	-1	-1	-1	-1
2005	2	1	-1	-1	-1	-1	-1	-1	-1	-1	-1	-1	-1	-1	-1	-1	-1	-1	-1	-1	-1	-1	-1	-1	-1	-1	-1	-1	-1	-1	-1	-1	-1
2006	2	1	-1	-1	-1	-1	-1	-1	-1	-1	-1	-1	-1	-1	-1	-1	-1	-1	-1	-1	-1	-1	-1	-1	-1	-1	-1	-1	-1	-1	-1	-1	-1
2007	2	1	-1	-1	-1	-1	-1	-1	-1	-1	-1	-1	-1	-1	-1	-1	-1	-1	-1	-1	-1	-1	-1	-1	-1	-1	-1	-1	-1	-1	-1	-1	-1
2008	2	1	-1	-1	-1	-1	-1	-1	-1	-1	-1	-1	-1	-1	-1	-1	-1	-1	-1	-1	-1	-1	-1	-1	-1	-1	-1	-1	-1	-1	-1	-1	-1
2009	2	1	-1	-1	-1	-1	-1	-1	-1	-1	-1	-1	-1	-1	-1	-1	-1	-1	-1	-1	-1	-1	-1	-1	-1	-1	-1	-1	-1	-1	-1	-1	-1
2010	2	1	-1	-1	-1	-1	-1	-1	-1	-1	-1	-1	-1	-1	-1	-1	-1	-1	-1	-1	-1	-1	-1	-1	-1	-1	-1	-1	-1	-1	-1	-1	-1
2011	2	1	-1	-1	-1	-1	-1	-1	-1	-1	-1	-1	-1	-1	-1	-1	-1	-1	-1	-1	-1	-1	-1	-1	-1	-1	-1	-1	-1	-1	-1	-1	-1
2012	2	1	-1	-1	-1	-1	-1	-1	-1	-1	-1	-1	-1	-1	-1	-1	-1	-1	-1	-1	-1	-1	-1	-1	-1	-1	-1	-1	-1	-1	-1	-1	-1
2013	2	1	-1	-1	-1	-1	-1	-1	-1	-1	-1	-1	-1	-1	-1	-1	-1	-1	-1	-1	-1	-1	-1	-1	-1	-1	-1	-1	-1	-1	-1	-1	-1
1984	1	2	-1	-1	-1	-1	-1	-1	-1	-1	-1	-1	-1	-1	-1	-1	-1	-1	-1	-1	-1	-1	-1	-1	-1	-1	-1	-1	-1	-1	-1	-1	-1
1985	1	2	-1	-1	-1	-1	-1	-1	-1	-1	-1	-1	-1	-1	-1	-1	-1	-1	-1	-1	-1	-1	-1	-1	-1	-1	-1	-1	-1	-1	-1	-1	-1
1986	1	2	-1	-1	-1	-1	-1	-1	-1	-1	-1	-1	-1	-1	-1	-1	-1	-1	-1	-1	-1	-1	-1	-1	-1	-1	-1	-1	-1	-1	-1	-1	-1
1987	1	2	-1	-1	-1	-1	-1	-1	-1	-1	-1	-1	-1	-1	-1	-1	-1	-1	-1	-1	-1	-1	-1	-1	-1	-1	-1	-1	-1	-1	-1	-1	-1
1988	1	2	-1	-1	-1	-1	-1	-1	-1	-1	-1	-1	-1	-1	-1	-1	-1	-1	-1	-1	-1	-1	-1	-1	-1	-1	-1	-1	-1	-1	-1	-1	-1
1989	1	2	-1	-1	-1	-1	-1	-1	-1	-1	-1	-1	-1	-1	-1	-1	-1	-1	-1	-1	-1	-1	-1	-1	-1	-1	-1	-1	-1	-1	-1	-1	-1
1990	1	2	-1	-1	-1	-1	-1	-1	-1	-1	-1	-1	-1	-1	-1	-1	-1	-1	-1	-1	-1	-1	-1	-1	-1	-1	-1	-1	-1	-1	-1	-1	-1
1991	1	2	-1	-1	-1	-1	-1	-1	-1	-1	-1	-1	-1	-1	-1	-1	-1	-1	-1	-1	-1	-1	-1	-1	-1	-1	-1	-1	-1	-1	-1	-1	-1
1992	1	2	-1	-1	-1	-1	-1	-1	-1	-1	-1	-1	-1	-1	-1	-1	-1	-1	-1	-1	-1	-1	-1	-1	-1	-1	-1	-1	-1	-1	-1	-1	-1
1993	1	2	-1	-1	-1	-1	-1	-1	-1	-1	-1	-1	-1	-1	-1	-1	-1	-1	-1	-1	-1	-1	-1	-1	-1	-1	-1	-1	-1	-1	-1	-1	-1
1994	1	2	-1	-1	-1	-1	-1	-1	-1	-1	-1	-1	-1	-1	-1	-1	-1	-1	-1	-1	-1	-1	-1	-1	-1	-1	-1	-1	-1	-1	-1	-1	-1
1995	1	2	-1	-1	-1	-1	-1	-1	-1	-1	-1	-1	-1	-1	-1	-1	-1	-1	-1	-1	-1	-1	-1	-1	-1	-1	-1	-1	-1	-1	-1	-1	-1
1996	1	2	-1	-1	-1	-1	-1	-1	-1	-1	-1	-1	-1	-1	-1	-1	-1	-1	-1	-1	-1	-1	-1	-1	-1	-1	-1	-1	-1	-1	-1	-1	-1
1997	1	2	-1	-1	-1	-1	-1	-1	-1	-1	-1	-1	-1	-1	-1	-1	-1	-1	-1	-1	-1	-1	-1	-1	-1	-1	-1	-1	-1	-1	-1	-1	-1
1998	1	2	-1	-1	-1	-1	-1	-1	-1	-1	-1	-1	-1	-1	-1	-1	-1	-1	-1	-1	-1	-1	-1	-1	-1	-1	-1	-1	-1	-1	-1	-1	-1
1999	1	2	-1	-1	-1	-1	-1	-1	-1	-1	-1	-1	-1	-1	-1	-1	-1	-1	-1	-1	-1	-1	-1	-1	-1	-1	-1	-1	-1	-1	-1	-1	-1
2000	1	2	240.3773	0.1	-1	1	-1	23.09	4.8175	5.9598	4.7443	2.1323	1.0459	0.2923	0.2398	0.976	2.5635	3.8041	2.5525	5.3537	14.3233	21.6764	40.0257	56.3504	39.8061	20.2839	8.1339	3.7654	1.1316	0.3917	0.0071	0	0
2001	1	2	132.9043	0.1	-1	1	-1	47.78	0.1334	0.1258	0.0796	0.4271	1.2521	4.1495	11.482	13.107	10.072	5.0429	2.3314	3.2375	5.8691	9.5288	15.2893	20.0129	17.8846	8.7568	3.1212	0.8557	0.125	0.0207	0	0	0
2002	1	2	42.1244	0.1	-1	1	-1	59.35	0.0806	0.3232	0.5731	0.8228	0.3955	0.1737	0.0826	0.1347	0.2442	0.3404	0.9095	4.3859	8.0433	8.6627	5.5972	4.1929	3.6028	2.4557	0.9063	0.1688	0.0286	0	0	0	0
2003	1	2	110.6641	0.1	-1	1	-1	45.63	0.0119	0.0219	0.0554	0.1033	0.4146	1.8166	5.815	6.8746	5.1238	5.8807	3.6565	2.3069	1.4018	5.3823	20.876	28.1616	15.3016	5.0044	1.662	0.6194	0.1578	0.016	0	0	0
2004	1	2	214.5834	0.1	-1	1	-1	24.23	0.7741	0.4062	0.1959	0.0734	0.1897	0.1576	0.3882	0.5332	1.4265	2.6335	6.966	23.7241	55.164	61.8103	26.2566	8.6383	11.5672	9.1362	3.501	0.8366	0.1782	0.0263	0	0	0
2005	1	2	208.2987	0.1	-1	1	-1	42.25	3.3065	1.7916	0.8681	0.2672	0.5349	3.0686	7.5697	9.1978	5.421	2.0153	1.1699	1.4471	5.1145	18.5356	48.5545	60.1463	26.1996	7.6915	3.856	1.2682	0.2386	0.0108	0.0255	0	0
2006	1	2	182.7623	0.1	-1	1	-1	35.29	0.1537	0.0438	0.0457	0.1095	0.3824	2.8233	7.1943	7.8053	5.2736	2.1363	2.0693	4.9859	9.0457	9.8148	8.0968	16.7038	45.5464	46.0024	12.6828	1.5086	0.251	0.0868	0	0	0
2007	1	2	501.0971	0.1	-1	1	-1	17.46	0.1639	0.1883	0.3993	2.2056	6.8544	11.6736	10.4699	6.8544	13.6416	27.553	30.7726	29.1478	43.9876	66.8678	101.0927	81.8151	28.6473	18.6015	15.5528	4.2143	0.3561	0.0373	0	0	0
2008	1	2	417.5432	0.1	-1	1	-1	21.55	1.9741	2.1402	2.3611	0.9614	0.7593	1.0398	2.2493	3.2619	4.8825	6.4048	9.4715	16.7577	45.0963	84.597	98.9683	75.7491	39.8493	13.8283	5.4366	1.4456	0.2823	0.0269	0	0	0
2009	1	2	192.3301	0.1	-1	1	-1	29.98	0.9231	0.8627	0.406	0.2997	0.0949	0.3282	2.9708	4.9673	4.9728	3.3333	1.5324	1.7897	4.3647	6.6254	16.8504	40.1879	54.0375	34.2428	10.513	2.7136	0.2282	0.0857	0	0	0
2010	1	2	425.343	0.1	-1	1	-1	23.51	2.667	1.282	0.8415	0.6359	1.6811	6.5913	10.8329	10.4521	8.2906	6.4557	7.3221	9.1318	11.1378	14.9076	25.5198	51.5513	99.5608	98.4523	46.4977	10.3828	1.0398	0.1091	0	0	0
2011	1	2	529.1485	0.1	-1	1	-1	18.9	1.5882	1.0875	1.2702	1.6167	4.4778	16.2295	26.5771	18.5439	7.1955	6.2239	14.3406	20.0189	20.6818	32.2867	67.6883	118.2863	97.0449	42.0084	21.6615	8.5498	1.5442	0.214	0.0126	0	0
2012	1	2	246.9756	0.1	-1	1	-1	56.89	0.3495	0.2337	0.1721	0.1716	0.5495	1.785	2.9747	2.3619	3.8768	5.1931	5.8317	11.1275	27.8458	67.3133	68.0567	30.5584	13.5683	4.1223	0.7236	0.1518	0.0082	0	0	0	0
2013	1	2	26.4118	0.1	-1	1	-1	108	0.0179	0.0384	0.0403	0.0414	0.0754	0.1094	0.1616	0.1202	0.0896	0.1346	0.168	0.5215	1.3664	3.2552	6.03	6.6423	5.0835	2.0136	0.4371	0.0634	0	0.002	0	0	0
1984	2	2	-1	-1	-1	-1	-1	-1	-1	-1	-1	-1	-1	-1	-1	-1	-1	-1	-1	-1	-1	-1	-1	-1	-1	-1	-1	-1	-1	-1	-1	-1	-1
1985	2	2	-1	-1	-1	-1	-1	-1	-1	-1	-1	-1	-1	-1	-1	-1	-1	-1	-1	-1	-1	-1	-1	-1	-1	-1	-1	-1	-1	-1	-1	-1	-1
1986	2	2	-1	-1	-1	-1	-1	-1	-1	-1	-1	-1	-1	-1	-1	-1	-1	-1	-1	-1	-1	-1	-1	-1	-1	-1	-1	-1	-1	-1	-1	-1	-1
1987	2	2	-1	-1	-1	-1	-1	-1	-1	-1	-1	-1	-1	-1	-1	-1	-1	-1	-1	-1	-1	-1	-1	-1	-1	-1	-1	-1	-1	-1	-1	-1	-1
1988	2	2	-1	-1	-1	-1	-1	-1	-1	-1	-1	-1	-1	-1	-1	-1	-1	-1	-1	-1	-1	-1	-1	-1	-1	-1	-1	-1	-1	-1	-1	-1	-1
1989	2	2	-1	-1	-1	-1	-1	-1	-1	-1	-1	-1	-1	-1	-1	-1	-1	-1	-1	-1	-1	-1	-1	-1	-1	-1	-1	-1	-1	-1	-1	-1	-1
1990	2	2	-1	-1	-1	-1	-1	-1	-1	-1	-1	-1	-1	-1	-1	-1	-1	-1	-1	-1	-1	-1	-1	-1	-1	-1	-1	-1	-1	-1	-1	-1	-1
1991	2	2	-1	-1	-1	-1	-1	-1	-1	-1	-1	-1	-1	-1	-1	-1	-1	-1	-1	-1	-1	-1	-1	-1	-1	-1	-1	-1	-1	-1	-1	-1	-1
1992	2	2	-1	-1	-1	-1	-1	-1	-1	-1	-1	-1	-1	-1	-1	-1	-1	-1	-1	-1	-1	-1	-1	-1	-1	-1	-1	-1	-1	-1	-1	-1	-1
1993	2	2	-1	-1	-1	-1	-1	-1	-1	-1	-1	-1	-1	-1	-1	-1	-1	-1	-1	-1	-1	-1	-1	-1	-1	-1	-1	-1	-1	-1	-1	-1	-1
1994	2	2	-1	-1	-1	-1	-1	-1	-1	-1	-1	-1	-1	-1	-1	-1	-1	-1	-1	-1	-1	-1	-1	-1	-1	-1	-1	-1	-1	-1	-1	-1	-1
1995	2	2	-1	-1	-1	-1	-1	-1	-1	-1	-1	-1	-1	-1	-1	-1	-1	-1	-1	-1	-1	-1	-1	-1	-1	-1	-1	-1	-1	-1	-1	-1	-1
1996	2	2	-1	-1	-1	-1	-1	-1	-1	-1	-1	-1	-1	-1	-1	-1	-1	-1	-1	-1	-1	-1	-1	-1	-1	-1	-1	-1	-1	-1	-1	-1	-1
1997	2	2	-1	-1	-1	-1	-1	-1	-1	-1	-1	-1	-1	-1	-1	-1	-1	-1	-1	-1	-1	-1	-1	-1	-1	-1	-1	-1	-1	-1	-1	-1	-1
1998	2	2	-1	-1	-1	-1	-1	-1	-1	-1	-1	-1	-1	-1	-1	-1	-1	-1	-1	-1	-1	-1	-1	-1	-1	-1	-1	-1	-1	-1	-1	-1	-1
1999	2	2	-1	-1	-1	-1	-1	-1	-1	-1	-1	-1	-1	-1	-1	-1	-1	-1	-1	-1	-1	-1	-1	-1	-1	-1	-1	-1	-1	-1	-1	-1	-1
2000	2	2	-1	-1	-1	-1	-1	-1	-1	-1	-1	-1	-1	-1	-1	-1	-1	-1	-1	-1	-1	-1	-1	-1	-1	-1	-1	-1	-1	-1	-1	-1	-1
2001	2	2	-1	-1	-1	-1	-1	-1	-1	-1	-1	-1	-1	-1	-1	-1	-1	-1	-1	-1	-1	-1	-1	-1	-1	-1	-1	-1	-1	-1	-1	-1	-1
2002	2	2	-1	-1	-1	-1	-1	-1	-1	-1	-1	-1	-1	-1	-1	-1	-1	-1	-1	-1	-1	-1	-1	-1	-1	-1	-1	-1	-1	-1	-1	-1	-1
2003	2	2	-1	-1	-1	-1	-1	-1	-1	-1	-1	-1	-1	-1	-1	-1	-1	-1	-1	-1	-1	-1	-1	-1	-1	-1	-1	-1	-1	-1	-1	-1	-1
2004	2	2	-1	-1	-1	-1	-1	-1	-1	-1	-1	-1	-1	-1	-1	-1	-1	-1	-1	-1	-1	-1	-1	-1	-1	-1	-1	-1	-1	-1	-1	-1	-1
2005	2	2	-1	-1	-1	-1	-1	-1	-1	-1	-1	-1	-1	-1	-1	-1	-1	-1	-1	-1	-1	-1	-1	-1	-1	-1	-1	-1	-1	-1	-1	-1	-1
2006	2	2	-1	-1	-1	-1	-1	-1	-1	-1	-1	-1	-1	-1	-1	-1	-1	-1	-1	-1	-1	-1	-1	-1	-1	-1	-1	-1	-1	-1	-1	-1	-1
2007	2	2	-1	-1	-1	-1	-1	-1	-1	-1	-1	-1	-1	-1	-1	-1	-1	-1	-1	-1	-1	-1	-1	-1	-1	-1	-1	-1	-1	-1	-1	-1	-1
2008	2	2	-1	-1	-1	-1	-1	-1	-1	-1	-1	-1	-1	-1	-1	-1	-1	-1	-1	-1	-1	-1	-1	-1	-1	-1	-1	-1	-1	-1	-1	-1	-1
2009	2	2	-1	-1	-1	-1	-1	-1	-1	-1	-1	-1	-1	-1	-1	-1	-1	-1	-1	-1	-1	-1	-1	-1	-1	-1	-1	-1	-1	-1	-1	-1	-1
2010	2	2	-1	-1	-1	-1	-1	-1	-1	-1	-1	-1	-1	-1	-1	-1	-1	-1	-1	-1	-1	-1	-1	-1	-1	-1	-1	-1	-1	-1	-1	-1	-1
2011	2	2	-1	-1	-1	-1	-1	-1	-1	-1	-1	-1	-1	-1	-1	-1	-1	-1	-1	-1	-1	-1	-1	-1	-1	-1	-1	-1	-1	-1	-1	-1	-1
2012	2	2	-1	-1	-1	-1	-1	-1	-1	-1	-1	-1	-1	-1	-1	-1	-1	-1	-1	-1	-1	-1	-1	-1	-1	-1	-1	-1	-1	-1	-1	-1	-1
2013	2	2	-1	-1	-1	-1	-1	-1	-1	-1	-1	-1	-1	-1	-1	-1	-1	-1	-1	-1	-1	-1	-1	-1	-1	-1	-1	-1	-1	-1	-1	-1	-1
1984	1	3	-1	-1	-1	-1	-1	-1	-1	-1	-1	-1	-1	-1	-1	-1	-1	-1	-1	-1	-1	-1	-1	-1	-1	-1	-1	-1	-1	-1	-1	-1	-1
1985	1	3	-1	-1	-1	-1	-1	-1	-1	-1	-1	-1	-1	-1	-1	-1	-1	-1	-1	-1	-1	-1	-1	-1	-1	-1	-1	-1	-1	-1	-1	-1	-1
1986	1	3	-1	-1	-1	-1	-1	-1	-1	-1	-1	-1	-1	-1	-1	-1	-1	-1	-1	-1	-1	-1	-1	-1	-1	-1	-1	-1	-1	-1	-1	-1	-1
1987	1	3	-1	-1	-1	-1	-1	-1	-1	-1	-1	-1	-1	-1	-1	-1	-1	-1	-1	-1	-1	-1	-1	-1	-1	-1	-1	-1	-1	-1	-1	-1	-1
1988	1	3	-1	-1	-1	-1	-1	-1	-1	-1	-1	-1	-1	-1	-1	-1	-1	-1	-1	-1	-1	-1	-1	-1	-1	-1	-1	-1	-1	-1	-1	-1	-1
1989	1	3	-1	-1	-1	-1	-1	-1	-1	-1	-1	-1	-1	-1	-1	-1	-1	-1	-1	-1	-1	-1	-1	-1	-1	-1	-1	-1	-1	-1	-1	-1	-1
1990	1	3	-1	-1	-1	-1	-1	-1	-1	-1	-1	-1	-1	-1	-1	-1	-1	-1	-1	-1	-1	-1	-1	-1	-1	-1	-1	-1	-1	-1	-1	-1	-1
1991	1	3	-1	-1	-1	-1	-1	-1	-1	-1	-1	-1	-1	-1	-1	-1	-1	-1	-1	-1	-1	-1	-1	-1	-1	-1	-1	-1	-1	-1	-1	-1	-1
1992	1	3	-1	-1	-1	-1	-1	-1	-1	-1	-1	-1	-1	-1	-1	-1	-1	-1	-1	-1	-1	-1	-1	-1	-1	-1	-1	-1	-1	-1	-1	-1	-1
1993	1	3	-1	-1	-1	-1	-1	-1	-1	-1	-1	-1	-1	-1	-1	-1	-1	-1	-1	-1	-1	-1	-1	-1	-1	-1	-1	-1	-1	-1	-1	-1	-1
1994	1	3	-1	-1	-1	-1	-1	-1	-1	-1	-1	-1	-1	-1	-1	-1	-1	-1	-1	-1	-1	-1	-1	-1	-1	-1	-1	-1	-1	-1	-1	-1	-1
1995	1	3	-1	-1	-1	-1	-1	-1	-1	-1	-1	-1	-1	-1	-1	-1	-1	-1	-1	-1	-1	-1	-1	-1	-1	-1	-1	-1	-1	-1	-1	-1	-1
1996	1	3	-1	-1	-1	-1	-1	-1	-1	-1	-1	-1	-1	-1	-1	-1	-1	-1	-1	-1	-1	-1	-1	-1	-1	-1	-1	-1	-1	-1	-1	-1	-1
1997	1	3	-1	-1	-1	-1	-1	-1	-1	-1	-1	-1	-1	-1	-1	-1	-1	-1	-1	-1	-1	-1	-1	-1	-1	-1	-1	-1	-1	-1	-1	-1	-1
1998	1	3	-1	-1	-1	-1	-1	-1	-1	-1	-1	-1	-1	-1	-1	-1	-1	-1	-1	-1	-1	-1	-1	-1	-1	-1	-1	-1	-1	-1	-1	-1	-1
1999	1	3	-1	-1	-1	-1	-1	-1	-1	-1	-1	-1	-1	-1	-1	-1	-1	-1	-1	-1	-1	-1	-1	-1	-1	-1	-1	-1	-1	-1	-1	-1	-1
2000	1	3	20.8711	0.1	-1	1	-1	45.52	0	0	0	0	0	0	0	0	0	0	0	0.0146	0.4004	1.0948	3.8071	6.2376	5.2175	1.657	1.2289	0.6881	0.3797	0.0909	0.0544	0	0
2001	1	3	9.2534	0.1	-1	1	-1	102.66	0	0	0	0	0	0	0	0	0.0067	0	0.0067	0.0093	0.1431	0.6189	1.3488	2.7125	2.6775	1.1971	0.3896	0.1068	0.0347	0	0.0018	0	0
2002	1	3	4.5604	0.1	-1	1	-1	87.71	0	0	0	0	0	0	0	0	0	0.0102	0.02	0.2388	0.6905	1.053	0.5264	0.5796	0.5777	0.5541	0.2659	0.0444	0	0	0	0	0
2003	1	3	17.522	0.1	-1	1	-1	45.66	0	0	0	0	0	0	0	0	0.0597	0.3461	0.3415	0.2093	0.1126	0.8659	4.3913	6.4929	3.0914	0.8203	0.7192	0.0719	0	0	0	0	0
2004	1	3	6.8087	0.1	-1	1	-1	66.09	0	0	0	0	0	0	0	0	0	0.0113	0.0778	0.6504	1.9713	2.2644	1.1536	0.1983	0.2153	0.1608	0.1055	0	0	0	0	0	0
2005	1	3	32.031	0.1	-1	1	-1	59.32	0	0	0	0	0	0	0.0606	0.0094	0.017	0.0203	0.0433	0.0667	0.5864	2.5426	7.9793	11.5891	5.9551	1.7239	0.875	0.4451	0.0727	0.0444	0	0	0
2006	1	3	20.4946	0.1	-1	1	-1	80.51	0	0	0	0	0	0	0	0	0.0145	0	0.0356	0.0272	0.288	0.5944	0.7197	2.093	6.4925	7.7749	2.1787	0.2562	0.003	0.0171	0	0	0
2007	1	3	46.5673	0.1	-1	1	-1	34.36	0	0	0	0	0	0	0	0	0.0229	0.0062	0.4552	1.449	5.03	7.6056	9.9535	10.4028	4.1088	3.7263	2.8652	0.8618	0.08	0	0	0	0
2008	1	3	72.3827	0.1	-1	1	-1	43.52	0	0	0	0	0	0	0	0	0.0039	0.0097	0.2135	1.1299	4.551	12.6256	19.4752	16.2452	9.9749	5.1111	2.1158	0.7686	0.1583	0	0	0	0
2009	1	3	28.6736	0.1	-1	1	-1	62.78	0	0	0	0	0	0	0	0	0.0035	0.0066	0.0034	0.0088	0.0814	0.3139	1.5312	5.4943	10.6835	6.6584	2.9651	0.7976	0.1259	0	0	0	0
2010	1	3	88.9744	0.1	-1	1	-1	37.09	0	0	0	0	0	0	0.0258	0.0586	0.0113	0	0.0316	0.2044	0.936	1.6446	3.1037	8.842	21.0938	30.3923	18.0985	3.9088	0.6034	0.0196	0	0	0
2011	1	3	75.8391	0.1	-1	1	-1	56.7	0	0	0	0	0.0142	0.0392	0.0193	0.0894	0.0218	0.0831	0.1801	0.6709	2.2036	5.2243	10.4897	24.2722	20.1863	7.473	3.3543	1.2779	0.2177	0.0084	0.0137	0	0
2012	1	3	19.487	0.1	-1	1	-1	76.97	0	0	0	0	0	0	0	0.0086	0	0.0189	0.0993	0.4426	1.7688	5.6791	6.949	3.2013	1.059	0.2459	0.0046	0.0067	0.0031	0	0	0	0
2013	1	3	1.2406	0.1	-1	1	-1	103	0	0	0	0	0	0	0	0	0	0	0	0.0139	0.0259	0.139	0.296	0.356	0.2641	0.1171	0.0285	0	0	0	0	0	0
1984	2	3	-1	-1	-1	-1	-1	-1	-1	-1	-1	-1	-1	-1	-1	-1	-1	-1	-1	-1	-1	-1	-1	-1	-1	-1	-1	-1	-1	-1	-1	-1	-1
1985	2	3	-1	-1	-1	-1	-1	-1	-1	-1	-1	-1	-1	-1	-1	-1	-1	-1	-1	-1	-1	-1	-1	-1	-1	-1	-1	-1	-1	-1	-1	-1	-1
1986	2	3	-1	-1	-1	-1	-1	-1	-1	-1	-1	-1	-1	-1	-1	-1	-1	-1	-1	-1	-1	-1	-1	-1	-1	-1	-1	-1	-1	-1	-1	-1	-1
1987	2	3	-1	-1	-1	-1	-1	-1	-1	-1	-1	-1	-1	-1	-1	-1	-1	-1	-1	-1	-1	-1	-1	-1	-1	-1	-1	-1	-1	-1	-1	-1	-1
1988	2	3	-1	-1	-1	-1	-1	-1	-1	-1	-1	-1	-1	-1	-1	-1	-1	-1	-1	-1	-1	-1	-1	-1	-1	-1	-1	-1	-1	-1	-1	-1	-1
1989	2	3	-1	-1	-1	-1	-1	-1	-1	-1	-1	-1	-1	-1	-1	-1	-1	-1	-1	-1	-1	-1	-1	-1	-1	-1	-1	-1	-1	-1	-1	-1	-1
1990	2	3	-1	-1	-1	-1	-1	-1	-1	-1	-1	-1	-1	-1	-1	-1	-1	-1	-1	-1	-1	-1	-1	-1	-1	-1	-1	-1	-1	-1	-1	-1	-1
1991	2	3	-1	-1	-1	-1	-1	-1	-1	-1	-1	-1	-1	-1	-1	-1	-1	-1	-1	-1	-1	-1	-1	-1	-1	-1	-1	-1	-1	-1	-1	-1	-1
1992	2	3	-1	-1	-1	-1	-1	-1	-1	-1	-1	-1	-1	-1	-1	-1	-1	-1	-1	-1	-1	-1	-1	-1	-1	-1	-1	-1	-1	-1	-1	-1	-1
1993	2	3	-1	-1	-1	-1	-1	-1	-1	-1	-1	-1	-1	-1	-1	-1	-1	-1	-1	-1	-1	-1	-1	-1	-1	-1	-1	-1	-1	-1	-1	-1	-1
1994	2	3	-1	-1	-1	-1	-1	-1	-1	-1	-1	-1	-1	-1	-1	-1	-1	-1	-1	-1	-1	-1	-1	-1	-1	-1	-1	-1	-1	-1	-1	-1	-1
1995	2	3	-1	-1	-1	-1	-1	-1	-1	-1	-1	-1	-1	-1	-1	-1	-1	-1	-1	-1	-1	-1	-1	-1	-1	-1	-1	-1	-1	-1	-1	-1	-1
1996	2	3	-1	-1	-1	-1	-1	-1	-1	-1	-1	-1	-1	-1	-1	-1	-1	-1	-1	-1	-1	-1	-1	-1	-1	-1	-1	-1	-1	-1	-1	-1	-1
1997	2	3	-1	-1	-1	-1	-1	-1	-1	-1	-1	-1	-1	-1	-1	-1	-1	-1	-1	-1	-1	-1	-1	-1	-1	-1	-1	-1	-1	-1	-1	-1	-1
1998	2	3	-1	-1	-1	-1	-1	-1	-1	-1	-1	-1	-1	-1	-1	-1	-1	-1	-1	-1	-1	-1	-1	-1	-1	-1	-1	-1	-1	-1	-1	-1	-1
1999	2	3	-1	-1	-1	-1	-1	-1	-1	-1	-1	-1	-1	-1	-1	-1	-1	-1	-1	-1	-1	-1	-1	-1	-1	-1	-1	-1	-1	-1	-1	-1	-1
2000	2	3	-1	-1	-1	-1	-1	-1	-1	-1	-1	-1	-1	-1	-1	-1	-1	-1	-1	-1	-1	-1	-1	-1	-1	-1	-1	-1	-1	-1	-1	-1	-1
2001	2	3	-1	-1	-1	-1	-1	-1	-1	-1	-1	-1	-1	-1	-1	-1	-1	-1	-1	-1	-1	-1	-1	-1	-1	-1	-1	-1	-1	-1	-1	-1	-1
2002	2	3	-1	-1	-1	-1	-1	-1	-1	-1	-1	-1	-1	-1	-1	-1	-1	-1	-1	-1	-1	-1	-1	-1	-1	-1	-1	-1	-1	-1	-1	-1	-1
2003	2	3	-1	-1	-1	-1	-1	-1	-1	-1	-1	-1	-1	-1	-1	-1	-1	-1	-1	-1	-1	-1	-1	-1	-1	-1	-1	-1	-1	-1	-1	-1	-1
2004	2	3	-1	-1	-1	-1	-1	-1	-1	-1	-1	-1	-1	-1	-1	-1	-1	-1	-1	-1	-1	-1	-1	-1	-1	-1	-1	-1	-1	-1	-1	-1	-1
2005	2	3	-1	-1	-1	-1	-1	-1	-1	-1	-1	-1	-1	-1	-1	-1	-1	-1	-1	-1	-1	-1	-1	-1	-1	-1	-1	-1	-1	-1	-1	-1	-1
2006	2	3	-1	-1	-1	-1	-1	-1	-1	-1	-1	-1	-1	-1	-1	-1	-1	-1	-1	-1	-1	-1	-1	-1	-1	-1	-1	-1	-1	-1	-1	-1	-1
2007	2	3	-1	-1	-1	-1	-1	-1	-1	-1	-1	-1	-1	-1	-1	-1	-1	-1	-1	-1	-1	-1	-1	-1	-1	-1	-1	-1	-1	-1	-1	-1	-1
2008	2	3	-1	-1	-1	-1	-1	-1	-1	-1	-1	-1	-1	-1	-1	-1	-1	-1	-1	-1	-1	-1	-1	-1	-1	-1	-1	-1	-1	-1	-1	-1	-1
2009	2	3	-1	-1	-1	-1	-1	-1	-1	-1	-1	-1	-1	-1	-1	-1	-1	-1	-1	-1	-1	-1	-1	-1	-1	-1	-1	-1	-1	-1	-1	-1	-1
2010	2	3	-1	-1	-1	-1	-1	-1	-1	-1	-1	-1	-1	-1	-1	-1	-1	-1	-1	-1	-1	-1	-1	-1	-1	-1	-1	-1	-1	-1	-1	-1	-1
2011	2	3	-1	-1	-1	-1	-1	-1	-1	-1	-1	-1	-1	-1	-1	-1	-1	-1	-1	-1	-1	-1	-1	-1	-1	-1	-1	-1	-1	-1	-1	-1	-1
2012	2	3	-1	-1	-1	-1	-1	-1	-1	-1	-1	-1	-1	-1	-1	-1	-1	-1	-1	-1	-1	-1	-1	-1	-1	-1	-1	-1	-1	-1	-1	-1	-1
2013	2	3	-1	-1	-1	-1	-1	-1	-1	-1	-1	-1	-1	-1	-1	-1	-1	-1	-1	-1	-1	-1	-1	-1	-1	-1	-1	-1	-1	-1	-1	-1	-1
# Use CPUE? (0-no; 1-yes) 
0 0 0
0 0 0
# Number of CPUE catchability  (Number of time blocks) 
1 
# Option for CPUE catchability calculation method 
1 
# CPUE catchability time blocks set-up 
1984 1 1 1
1985 1 1 1
1986 1 1 1
1987 1 1 1
1988 1 1 1
1989 1 1 1
1990 1 1 1
1991 1 1 1
1992 1 1 1
1993 1 1 1
1994 1 1 1
1995 1 1 1
1996 1 1 1
1997 1 1 1
1998 1 1 1
1999 1 1 1
2000 1 1 1
2001 1 1 1
2002 1 1 1
2003 1 1 1
2004 1 1 1
2005 1 1 1
2006 1 1 1
2007 1 1 1
2008 1 1 1
2009 1 1 1
2010 1 1 1
2011 1 1 1
2012 1 1 1
2013 1 1 1
1984 1 1 1
1985 1 1 1
1986 1 1 1
1987 1 1 1
1988 1 1 1
1989 1 1 1
1990 1 1 1
1991 1 1 1
1992 1 1 1
1993 1 1 1
1994 1 1 1
1995 1 1 1
1996 1 1 1
1997 1 1 1
1998 1 1 1
1999 1 1 1
2000 1 1 1
2001 1 1 1
2002 1 1 1
2003 1 1 1
2004 1 1 1
2005 1 1 1
2006 1 1 1
2007 1 1 1
2008 1 1 1
2009 1 1 1
2010 1 1 1
2011 1 1 1
2012 1 1 1
2013 1 1 1
# Number of fleet selectivity time blocks 
3 
# Fleet selectivity option for each fleet 
2 2 2
# Fleet selectivity time blocks set-up 
1984 1 2 3
1985 1 2 3
1986 1 2 3
1987 1 2 3
1988 1 2 3
1989 1 2 3
1990 1 2 3
1991 1 2 3
1992 1 2 3
1993 1 2 3
1994 1 2 3
1995 1 2 3
1996 1 2 3
1997 1 2 3
1998 1 2 3
1999 1 2 3
2000 1 2 3
2001 1 2 3
2002 1 2 3
2003 1 2 3
2004 1 2 3
2005 1 2 3
2006 1 2 3
2007 1 2 3
2008 1 2 3
2009 1 2 3
2010 1 2 3
2011 1 2 3
2012 1 2 3
2013 1 2 3
1984 1 2 3
1985 1 2 3
1986 1 2 3
1987 1 2 3
1988 1 2 3
1989 1 2 3
1990 1 2 3
1991 1 2 3
1992 1 2 3
1993 1 2 3
1994 1 2 3
1995 1 2 3
1996 1 2 3
1997 1 2 3
1998 1 2 3
1999 1 2 3
2000 1 2 3
2001 1 2 3
2002 1 2 3
2003 1 2 3
2004 1 2 3
2005 1 2 3
2006 1 2 3
2007 1 2 3
2008 1 2 3
2009 1 2 3
2010 1 2 3
2011 1 2 3
2012 1 2 3
2013 1 2 3
# Check Number 
-22122 
